0,0,454,2,10,5,0,500,0.6,1000,0.2,1400,0.2,1
0,1,145,0,0,300,0.5,1700,0.5,1
0,2,736,0,0,300,0.5,1700,0.5,1
0,3,241,2,10,5,0,500,0.6,1000,0.2,1400,0.2,2
0,4,381,1,0,300,0.5,1700,0.5,0
0,5,612,1,0,300,0.5,1700,0.5,0
0,6,792,0,0,300,0.5,1700,0.5,2
0,7,738,2,10,5,0,500,0.6,1000,0.2,1400,0.2,1
0,8,361,1,0,500,0.6,1000,0.2,1400,0.2,0
0,9,319,2,10,5,0,500,0.6,1000,0.2,1400,0.2,1
1,0,593,1,0,500,0.6,1000,0.2,1400,0.2,1
1,1,316,2,10,5,0,500,0.6,1000,0.2,1400,0.2,2
1,2,787,1,0,300,0.5,1700,0.5,2
1,3,779,1,0,500,0.6,1000,0.2,1400,0.2,0
1,4,889,1,0,500,0.6,1000,0.2,1400,0.2,1
1,5,791,1,0,500,0.6,1000,0.2,1400,0.2,1
1,6,941,0,0,500,0.6,1000,0.2,1400,0.2,1
1,7,547,1,0,500,0.6,1000,0.2,1400,0.2,2
1,8,229,2,10,5,0,300,0.5,1700,0.5,1
1,9,785,2,10,5,0,300,0.5,1700,0.5,0
2,0,495,0,0,300,0.5,1700,0.5,2
2,1,648,2,10,5,0,300,0.5,1700,0.5,2
2,2,145,1,0,500,0.6,1000,0.2,1400,0.2,1
2,3,985,2,10,5,0,500,0.6,1000,0.2,1400,0.2,0
2,4,883,2,10,5,0,500,0.6,1000,0.2,1400,0.2,2
2,5,939,2,10,5,0,500,0.6,1000,0.2,1400,0.2,0
2,6,228,0,0,300,0.5,1700,0.5,1
2,7,612,2,10,5,0,300,0.5,1700,0.5,1
2,8,432,1,0,500,0.6,1000,0.2,1400,0.2,2
2,9,192,2,10,5,0,300,0.5,1700,0.5,0
3,0,463,2,10,5,0,500,0.6,1000,0.2,1400,0.2,1
3,1,295,1,0,300,0.5,1700,0.5,2
3,2,602,0,0,300,0.5,1700,0.5,2
3,3,904,0,0,500,0.6,1000,0.2,1400,0.2,0
3,4,241,2,10,5,0,500,0.6,1000,0.2,1400,0.2,0
3,5,391,2,10,5,0,300,0.5,1700,0.5,2
3,6,505,2,10,5,0,500,0.6,1000,0.2,1400,0.2,1
3,7,281,2,10,5,0,300,0.5,1700,0.5,0
3,8,129,2,10,5,0,500,0.6,1000,0.2,1400,0.2,1
3,9,773,0,0,500,0.6,1000,0.2,1400,0.2,0
4,0,369,1,0,500,0.6,1000,0.2,1400,0.2,0
4,1,469,0,0,300,0.5,1700,0.5,2
4,2,593,1,0,500,0.6,1000,0.2,1400,0.2,1
4,3,58,2,10,5,0,300,0.5,1700,0.5,2
4,4,528,0,0,500,0.6,1000,0.2,1400,0.2,0
4,5,989,1,0,500,0.6,1000,0.2,1400,0.2,0
4,6,760,2,10,5,0,500,0.6,1000,0.2,1400,0.2,1
4,7,947,0,0,500,0.6,1000,0.2,1400,0.2,0
4,8,842,0,0,300,0.5,1700,0.5,0
4,9,742,1,0,500,0.6,1000,0.2,1400,0.2,0
5,0,906,2,10,5,0,500,0.6,1000,0.2,1400,0.2,2
5,1,99,1,0,500,0.6,1000,0.2,1400,0.2,1
5,2,91,2,10,5,0,300,0.5,1700,0.5,0
5,3,143,2,10,5,0,500,0.6,1000,0.2,1400,0.2,2
5,4,419,0,0,300,0.5,1700,0.5,1
5,5,227,1,0,300,0.5,1700,0.5,2
5,6,442,1,0,300,0.5,1700,0.5,1
5,7,947,2,10,5,0,300,0.5,1700,0.5,0
5,8,757,2,10,5,0,500,0.6,1000,0.2,1400,0.2,2
5,9,821,0,0,300,0.5,1700,0.5,0
6,0,175,2,10,5,0,500,0.6,1000,0.2,1400,0.2,0
6,1,285,2,10,5,0,300,0.5,1700,0.5,1
6,2,53,0,0,300,0.5,1700,0.5,0
6,3,937,2,10,5,0,300,0.5,1700,0.5,2
6,4,82,0,0,300,0.5,1700,0.5,2
6,5,950,0,0,300,0.5,1700,0.5,2
6,6,770,1,0,300,0.5,1700,0.5,0
6,7,735,0,0,500,0.6,1000,0.2,1400,0.2,0
6,8,441,0,0,300,0.5,1700,0.5,2
6,9,206,1,0,500,0.6,1000,0.2,1400,0.2,1
7,0,711,0,0,300,0.5,1700,0.5,0
7,1,648,0,0,500,0.6,1000,0.2,1400,0.2,2
7,2,639,0,0,300,0.5,1700,0.5,0
7,3,516,2,10,5,0,500,0.6,1000,0.2,1400,0.2,0
7,4,584,0,0,300,0.5,1700,0.5,0
7,5,818,0,0,500,0.6,1000,0.2,1400,0.2,1
7,6,68,1,0,500,0.6,1000,0.2,1400,0.2,2
7,7,610,2,10,5,0,500,0.6,1000,0.2,1400,0.2,0
7,8,541,0,0,300,0.5,1700,0.5,2
7,9,877,1,0,300,0.5,1700,0.5,1
8,0,848,0,0,500,0.6,1000,0.2,1400,0.2,1
8,1,960,0,0,500,0.6,1000,0.2,1400,0.2,0
8,2,301,1,0,500,0.6,1000,0.2,1400,0.2,1
8,3,180,1,0,300,0.5,1700,0.5,2
8,4,164,1,0,300,0.5,1700,0.5,2
8,5,808,1,0,300,0.5,1700,0.5,0
8,6,196,1,0,500,0.6,1000,0.2,1400,0.2,1
8,7,940,2,10,5,0,500,0.6,1000,0.2,1400,0.2,1
8,8,408,1,0,300,0.5,1700,0.5,0
8,9,280,1,0,300,0.5,1700,0.5,2
9,0,638,1,0,300,0.5,1700,0.5,1
9,1,436,0,0,300,0.5,1700,0.5,2
9,2,608,1,0,300,0.5,1700,0.5,1
9,3,125,1,0,300,0.5,1700,0.5,0
9,4,107,0,0,300,0.5,1700,0.5,2
9,5,745,1,0,300,0.5,1700,0.5,2
9,6,690,0,0,300,0.5,1700,0.5,1
9,7,161,0,0,500,0.6,1000,0.2,1400,0.2,2
9,8,104,0,0,500,0.6,1000,0.2,1400,0.2,2
9,9,493,1,0,500,0.6,1000,0.2,1400,0.2,0
