0,0,997,1,0,300,0.5,1700,0.5,0
0,1,282,1,0,500,0.6,1000,0.2,1400,0.2,1
0,2,193,2,10,5,0,500,0.6,1000,0.2,1400,0.2,2
0,3,232,1,0,300,0.5,1700,0.5,0
0,4,675,0,0,500,0.6,1000,0.2,1400,0.2,2
0,5,133,1,0,300,0.5,1700,0.5,0
0,6,32,1,0,500,0.6,1000,0.2,1400,0.2,2
0,7,377,0,0,500,0.6,1000,0.2,1400,0.2,2
0,8,282,2,10,5,0,500,0.6,1000,0.2,1400,0.2,1
0,9,508,2,10,5,0,500,0.6,1000,0.2,1400,0.2,0
1,0,178,2,10,5,0,300,0.5,1700,0.5,1
1,1,630,0,0,500,0.6,1000,0.2,1400,0.2,0
1,2,651,1,0,500,0.6,1000,0.2,1400,0.2,2
1,3,512,0,0,500,0.6,1000,0.2,1400,0.2,0
1,4,781,0,0,300,0.5,1700,0.5,2
1,5,312,2,10,5,0,500,0.6,1000,0.2,1400,0.2,2
1,6,426,1,0,500,0.6,1000,0.2,1400,0.2,0
1,7,260,0,0,500,0.6,1000,0.2,1400,0.2,1
1,8,515,2,10,5,0,500,0.6,1000,0.2,1400,0.2,0
1,9,201,0,0,500,0.6,1000,0.2,1400,0.2,2
2,0,487,1,0,500,0.6,1000,0.2,1400,0.2,1
2,1,463,2,10,5,0,300,0.5,1700,0.5,0
2,2,203,0,0,500,0.6,1000,0.2,1400,0.2,2
2,3,934,0,0,500,0.6,1000,0.2,1400,0.2,0
2,4,102,2,10,5,0,300,0.5,1700,0.5,1
2,5,101,2,10,5,0,300,0.5,1700,0.5,2
2,6,56,0,0,300,0.5,1700,0.5,2
2,7,405,0,0,500,0.6,1000,0.2,1400,0.2,1
2,8,130,0,0,300,0.5,1700,0.5,0
2,9,103,0,0,300,0.5,1700,0.5,0
3,0,636,2,10,5,0,300,0.5,1700,0.5,2
3,1,820,0,0,300,0.5,1700,0.5,0
3,2,248,2,10,5,0,300,0.5,1700,0.5,0
3,3,404,0,0,500,0.6,1000,0.2,1400,0.2,2
3,4,524,1,0,500,0.6,1000,0.2,1400,0.2,2
3,5,503,2,10,5,0,500,0.6,1000,0.2,1400,0.2,0
3,6,972,0,0,500,0.6,1000,0.2,1400,0.2,1
3,7,947,2,10,5,0,300,0.5,1700,0.5,0
3,8,247,0,0,300,0.5,1700,0.5,0
3,9,813,2,10,5,0,300,0.5,1700,0.5,1
4,0,818,0,0,300,0.5,1700,0.5,2
4,1,558,1,0,500,0.6,1000,0.2,1400,0.2,0
4,2,400,2,10,5,0,500,0.6,1000,0.2,1400,0.2,0
4,3,413,0,0,500,0.6,1000,0.2,1400,0.2,0
4,4,724,1,0,300,0.5,1700,0.5,0
4,5,308,0,0,500,0.6,1000,0.2,1400,0.2,2
4,6,151,1,0,500,0.6,1000,0.2,1400,0.2,1
4,7,266,0,0,300,0.5,1700,0.5,0
4,8,733,0,0,500,0.6,1000,0.2,1400,0.2,1
4,9,677,0,0,300,0.5,1700,0.5,1
5,0,502,2,10,5,0,500,0.6,1000,0.2,1400,0.2,1
5,1,96,0,0,500,0.6,1000,0.2,1400,0.2,0
5,2,896,1,0,300,0.5,1700,0.5,2
5,3,702,2,10,5,0,500,0.6,1000,0.2,1400,0.2,1
5,4,864,1,0,300,0.5,1700,0.5,2
5,5,126,1,0,500,0.6,1000,0.2,1400,0.2,2
5,6,17,0,0,300,0.5,1700,0.5,1
5,7,996,2,10,5,0,500,0.6,1000,0.2,1400,0.2,1
5,8,820,0,0,300,0.5,1700,0.5,2
5,9,774,0,0,500,0.6,1000,0.2,1400,0.2,2
6,0,475,2,10,5,0,500,0.6,1000,0.2,1400,0.2,0
6,1,263,2,10,5,0,300,0.5,1700,0.5,0
6,2,978,2,10,5,0,500,0.6,1000,0.2,1400,0.2,2
6,3,87,2,10,5,0,500,0.6,1000,0.2,1400,0.2,1
6,4,496,1,0,300,0.5,1700,0.5,2
6,5,300,0,0,300,0.5,1700,0.5,0
6,6,696,1,0,300,0.5,1700,0.5,0
6,7,193,2,10,5,0,300,0.5,1700,0.5,0
6,8,621,0,0,300,0.5,1700,0.5,1
6,9,876,2,10,5,0,500,0.6,1000,0.2,1400,0.2,1
7,0,669,2,10,5,0,500,0.6,1000,0.2,1400,0.2,1
7,1,943,0,0,500,0.6,1000,0.2,1400,0.2,2
7,2,764,2,10,5,0,300,0.5,1700,0.5,0
7,3,350,2,10,5,0,300,0.5,1700,0.5,0
7,4,317,2,10,5,0,500,0.6,1000,0.2,1400,0.2,0
7,5,228,0,0,300,0.5,1700,0.5,1
7,6,892,1,0,500,0.6,1000,0.2,1400,0.2,0
7,7,983,2,10,5,0,500,0.6,1000,0.2,1400,0.2,1
7,8,359,2,10,5,0,300,0.5,1700,0.5,1
7,9,910,0,0,500,0.6,1000,0.2,1400,0.2,0
8,0,264,0,0,300,0.5,1700,0.5,0
8,1,319,1,0,300,0.5,1700,0.5,2
8,2,597,2,10,5,0,500,0.6,1000,0.2,1400,0.2,1
8,3,206,0,0,500,0.6,1000,0.2,1400,0.2,2
8,4,348,0,0,300,0.5,1700,0.5,1
8,5,313,2,10,5,0,300,0.5,1700,0.5,1
8,6,732,0,0,300,0.5,1700,0.5,0
8,7,421,1,0,500,0.6,1000,0.2,1400,0.2,1
8,8,700,2,10,5,0,500,0.6,1000,0.2,1400,0.2,2
8,9,385,2,10,5,0,500,0.6,1000,0.2,1400,0.2,0
9,0,180,0,0,300,0.5,1700,0.5,2
9,1,670,2,10,5,0,500,0.6,1000,0.2,1400,0.2,0
9,2,232,2,10,5,0,300,0.5,1700,0.5,0
9,3,805,1,0,300,0.5,1700,0.5,0
9,4,674,2,10,5,0,300,0.5,1700,0.5,2
9,5,693,1,0,500,0.6,1000,0.2,1400,0.2,2
9,6,39,1,0,500,0.6,1000,0.2,1400,0.2,1
9,7,701,0,0,500,0.6,1000,0.2,1400,0.2,1
9,8,46,0,0,300,0.5,1700,0.5,2
9,9,551,2,10,5,0,500,0.6,1000,0.2,1400,0.2,1
