0,0,932,0,0,500,0.6,1000,0.2,1400,0.2,1
0,1,571,2,10,5,0,500,0.6,1000,0.2,1400,0.2,0
0,2,653,2,10,5,0,300,0.5,1700,0.5,0
0,3,677,0,0,500,0.6,1000,0.2,1400,0.2,1
0,4,693,2,10,5,0,500,0.6,1000,0.2,1400,0.2,2
0,5,36,1,0,500,0.6,1000,0.2,1400,0.2,1
0,6,550,2,10,5,0,500,0.6,1000,0.2,1400,0.2,0
0,7,660,2,10,5,0,500,0.6,1000,0.2,1400,0.2,2
0,8,246,0,0,300,0.5,1700,0.5,2
0,9,680,0,0,500,0.6,1000,0.2,1400,0.2,0
1,0,24,1,0,500,0.6,1000,0.2,1400,0.2,2
1,1,534,0,0,500,0.6,1000,0.2,1400,0.2,2
1,2,771,0,0,500,0.6,1000,0.2,1400,0.2,1
1,3,573,2,10,5,0,300,0.5,1700,0.5,1
1,4,374,1,0,300,0.5,1700,0.5,2
1,5,95,1,0,300,0.5,1700,0.5,0
1,6,903,2,10,5,0,300,0.5,1700,0.5,1
1,7,538,2,10,5,0,300,0.5,1700,0.5,1
1,8,343,0,0,500,0.6,1000,0.2,1400,0.2,1
1,9,936,0,0,500,0.6,1000,0.2,1400,0.2,2
2,0,858,0,0,500,0.6,1000,0.2,1400,0.2,1
2,1,946,1,0,300,0.5,1700,0.5,0
2,2,480,2,10,5,0,300,0.5,1700,0.5,1
2,3,620,1,0,300,0.5,1700,0.5,2
2,4,68,1,0,500,0.6,1000,0.2,1400,0.2,1
2,5,700,0,0,300,0.5,1700,0.5,0
2,6,111,0,0,500,0.6,1000,0.2,1400,0.2,1
2,7,845,0,0,300,0.5,1700,0.5,1
2,8,235,2,10,5,0,500,0.6,1000,0.2,1400,0.2,2
2,9,371,2,10,5,0,300,0.5,1700,0.5,1
3,0,210,0,0,300,0.5,1700,0.5,2
3,1,797,0,0,500,0.6,1000,0.2,1400,0.2,1
3,2,470,0,0,300,0.5,1700,0.5,2
3,3,276,0,0,300,0.5,1700,0.5,2
3,4,991,1,0,300,0.5,1700,0.5,2
3,5,451,2,10,5,0,500,0.6,1000,0.2,1400,0.2,1
3,6,137,1,0,300,0.5,1700,0.5,0
3,7,71,0,0,300,0.5,1700,0.5,1
3,8,471,0,0,300,0.5,1700,0.5,0
3,9,62,1,0,300,0.5,1700,0.5,0
4,0,300,1,0,500,0.6,1000,0.2,1400,0.2,1
4,1,303,1,0,500,0.6,1000,0.2,1400,0.2,1
4,2,890,0,0,500,0.6,1000,0.2,1400,0.2,1
4,3,592,1,0,500,0.6,1000,0.2,1400,0.2,2
4,4,871,1,0,500,0.6,1000,0.2,1400,0.2,0
4,5,269,1,0,300,0.5,1700,0.5,1
4,6,164,1,0,500,0.6,1000,0.2,1400,0.2,1
4,7,659,2,10,5,0,500,0.6,1000,0.2,1400,0.2,2
4,8,312,2,10,5,0,500,0.6,1000,0.2,1400,0.2,2
4,9,244,1,0,500,0.6,1000,0.2,1400,0.2,1
5,0,875,0,0,500,0.6,1000,0.2,1400,0.2,2
5,1,137,0,0,300,0.5,1700,0.5,1
5,2,67,0,0,500,0.6,1000,0.2,1400,0.2,2
5,3,18,2,10,5,0,300,0.5,1700,0.5,1
5,4,723,1,0,300,0.5,1700,0.5,0
5,5,831,1,0,300,0.5,1700,0.5,1
5,6,86,0,0,300,0.5,1700,0.5,2
5,7,113,2,10,5,0,300,0.5,1700,0.5,2
5,8,164,1,0,300,0.5,1700,0.5,2
5,9,112,2,10,5,0,300,0.5,1700,0.5,2
6,0,459,1,0,500,0.6,1000,0.2,1400,0.2,2
6,1,931,0,0,500,0.6,1000,0.2,1400,0.2,1
6,2,304,1,0,300,0.5,1700,0.5,0
6,3,261,2,10,5,0,300,0.5,1700,0.5,2
6,4,412,0,0,500,0.6,1000,0.2,1400,0.2,1
6,5,624,1,0,300,0.5,1700,0.5,2
6,6,321,0,0,500,0.6,1000,0.2,1400,0.2,2
6,7,152,2,10,5,0,300,0.5,1700,0.5,2
6,8,491,2,10,5,0,500,0.6,1000,0.2,1400,0.2,1
6,9,372,0,0,300,0.5,1700,0.5,1
7,0,132,2,10,5,0,300,0.5,1700,0.5,1
7,1,123,0,0,300,0.5,1700,0.5,0
7,2,79,2,10,5,0,500,0.6,1000,0.2,1400,0.2,1
7,3,679,1,0,300,0.5,1700,0.5,2
7,4,66,0,0,300,0.5,1700,0.5,2
7,5,230,1,0,300,0.5,1700,0.5,2
7,6,997,0,0,500,0.6,1000,0.2,1400,0.2,0
7,7,57,1,0,500,0.6,1000,0.2,1400,0.2,1
7,8,161,0,0,500,0.6,1000,0.2,1400,0.2,0
7,9,145,1,0,500,0.6,1000,0.2,1400,0.2,2
8,0,606,0,0,500,0.6,1000,0.2,1400,0.2,1
8,1,717,2,10,5,0,300,0.5,1700,0.5,2
8,2,166,1,0,500,0.6,1000,0.2,1400,0.2,1
8,3,335,0,0,500,0.6,1000,0.2,1400,0.2,2
8,4,338,1,0,300,0.5,1700,0.5,0
8,5,58,1,0,500,0.6,1000,0.2,1400,0.2,1
8,6,332,1,0,500,0.6,1000,0.2,1400,0.2,1
8,7,682,1,0,500,0.6,1000,0.2,1400,0.2,0
8,8,935,0,0,300,0.5,1700,0.5,1
8,9,566,1,0,300,0.5,1700,0.5,2
9,0,301,0,0,500,0.6,1000,0.2,1400,0.2,2
9,1,933,0,0,300,0.5,1700,0.5,0
9,2,567,1,0,300,0.5,1700,0.5,2
9,3,33,1,0,300,0.5,1700,0.5,2
9,4,232,0,0,500,0.6,1000,0.2,1400,0.2,0
9,5,535,2,10,5,0,500,0.6,1000,0.2,1400,0.2,0
9,6,956,0,0,300,0.5,1700,0.5,2
9,7,127,0,0,300,0.5,1700,0.5,2
9,8,752,0,0,300,0.5,1700,0.5,2
9,9,703,2,10,5,0,300,0.5,1700,0.5,1
