0,0,801,2,10,5,0,500,0.6,1000,0.2,1400,0.2,0
0,1,145,0,0,500,0.6,1000,0.2,1400,0.2,0
0,2,620,2,10,5,0,300,0.5,1700,0.5,1
0,3,187,1,0,300,0.5,1700,0.5,1
0,4,847,2,10,5,0,300,0.5,1700,0.5,2
0,5,54,2,10,5,0,300,0.5,1700,0.5,2
0,6,306,1,0,300,0.5,1700,0.5,0
0,7,966,0,0,500,0.6,1000,0.2,1400,0.2,2
0,8,779,1,0,300,0.5,1700,0.5,1
0,9,880,1,0,300,0.5,1700,0.5,1
1,0,806,1,0,300,0.5,1700,0.5,2
1,1,868,2,10,5,0,500,0.6,1000,0.2,1400,0.2,2
1,2,258,0,0,500,0.6,1000,0.2,1400,0.2,2
1,3,703,1,0,300,0.5,1700,0.5,1
1,4,701,0,0,500,0.6,1000,0.2,1400,0.2,0
1,5,319,0,0,300,0.5,1700,0.5,2
1,6,309,0,0,300,0.5,1700,0.5,0
1,7,979,0,0,500,0.6,1000,0.2,1400,0.2,2
1,8,935,0,0,500,0.6,1000,0.2,1400,0.2,2
1,9,334,2,10,5,0,300,0.5,1700,0.5,2
2,0,167,2,10,5,0,300,0.5,1700,0.5,1
2,1,841,2,10,5,0,300,0.5,1700,0.5,1
2,2,35,0,0,500,0.6,1000,0.2,1400,0.2,2
2,3,628,2,10,5,0,500,0.6,1000,0.2,1400,0.2,1
2,4,451,2,10,5,0,300,0.5,1700,0.5,1
2,5,717,2,10,5,0,500,0.6,1000,0.2,1400,0.2,1
2,6,669,2,10,5,0,500,0.6,1000,0.2,1400,0.2,2
2,7,732,2,10,5,0,500,0.6,1000,0.2,1400,0.2,2
2,8,807,1,0,500,0.6,1000,0.2,1400,0.2,1
2,9,340,1,0,500,0.6,1000,0.2,1400,0.2,0
3,0,644,2,10,5,0,300,0.5,1700,0.5,2
3,1,555,0,0,500,0.6,1000,0.2,1400,0.2,1
3,2,424,2,10,5,0,300,0.5,1700,0.5,1
3,3,876,1,0,500,0.6,1000,0.2,1400,0.2,2
3,4,817,1,0,500,0.6,1000,0.2,1400,0.2,0
3,5,908,2,10,5,0,300,0.5,1700,0.5,0
3,6,876,2,10,5,0,500,0.6,1000,0.2,1400,0.2,2
3,7,379,1,0,300,0.5,1700,0.5,0
3,8,541,1,0,300,0.5,1700,0.5,0
3,9,928,1,0,500,0.6,1000,0.2,1400,0.2,1
4,0,409,0,0,500,0.6,1000,0.2,1400,0.2,2
4,1,657,2,10,5,0,300,0.5,1700,0.5,2
4,2,764,0,0,300,0.5,1700,0.5,0
4,3,914,2,10,5,0,500,0.6,1000,0.2,1400,0.2,2
4,4,428,1,0,300,0.5,1700,0.5,0
4,5,606,0,0,300,0.5,1700,0.5,2
4,6,414,1,0,300,0.5,1700,0.5,0
4,7,201,2,10,5,0,300,0.5,1700,0.5,0
4,8,127,0,0,500,0.6,1000,0.2,1400,0.2,0
4,9,924,0,0,500,0.6,1000,0.2,1400,0.2,1
5,0,116,2,10,5,0,500,0.6,1000,0.2,1400,0.2,1
5,1,686,0,0,300,0.5,1700,0.5,2
5,2,242,1,0,500,0.6,1000,0.2,1400,0.2,0
5,3,882,0,0,500,0.6,1000,0.2,1400,0.2,2
5,4,420,1,0,500,0.6,1000,0.2,1400,0.2,2
5,5,747,0,0,500,0.6,1000,0.2,1400,0.2,0
5,6,126,1,0,300,0.5,1700,0.5,0
5,7,673,2,10,5,0,300,0.5,1700,0.5,1
5,8,239,0,0,300,0.5,1700,0.5,1
5,9,87,2,10,5,0,300,0.5,1700,0.5,1
6,0,216,2,10,5,0,500,0.6,1000,0.2,1400,0.2,1
6,1,263,0,0,300,0.5,1700,0.5,2
6,2,353,1,0,300,0.5,1700,0.5,1
6,3,186,2,10,5,0,300,0.5,1700,0.5,1
6,4,39,1,0,500,0.6,1000,0.2,1400,0.2,0
6,5,295,0,0,500,0.6,1000,0.2,1400,0.2,0
6,6,923,2,10,5,0,300,0.5,1700,0.5,1
6,7,170,1,0,300,0.5,1700,0.5,2
6,8,513,2,10,5,0,300,0.5,1700,0.5,2
6,9,749,1,0,500,0.6,1000,0.2,1400,0.2,2
7,0,375,0,0,300,0.5,1700,0.5,2
7,1,240,2,10,5,0,300,0.5,1700,0.5,0
7,2,12,0,0,300,0.5,1700,0.5,2
7,3,781,1,0,500,0.6,1000,0.2,1400,0.2,2
7,4,61,1,0,300,0.5,1700,0.5,1
7,5,263,0,0,500,0.6,1000,0.2,1400,0.2,0
7,6,243,1,0,300,0.5,1700,0.5,0
7,7,12,0,0,500,0.6,1000,0.2,1400,0.2,1
7,8,818,1,0,300,0.5,1700,0.5,2
7,9,1000,0,0,300,0.5,1700,0.5,1
8,0,511,0,0,500,0.6,1000,0.2,1400,0.2,2
8,1,744,2,10,5,0,300,0.5,1700,0.5,0
8,2,781,0,0,300,0.5,1700,0.5,1
8,3,659,2,10,5,0,500,0.6,1000,0.2,1400,0.2,0
8,4,373,2,10,5,0,500,0.6,1000,0.2,1400,0.2,2
8,5,243,2,10,5,0,500,0.6,1000,0.2,1400,0.2,0
8,6,678,2,10,5,0,500,0.6,1000,0.2,1400,0.2,2
8,7,898,1,0,300,0.5,1700,0.5,1
8,8,698,1,0,500,0.6,1000,0.2,1400,0.2,2
8,9,903,1,0,300,0.5,1700,0.5,2
9,0,893,1,0,300,0.5,1700,0.5,0
9,1,417,2,10,5,0,500,0.6,1000,0.2,1400,0.2,2
9,2,771,2,10,5,0,300,0.5,1700,0.5,2
9,3,813,1,0,300,0.5,1700,0.5,2
9,4,32,2,10,5,0,300,0.5,1700,0.5,2
9,5,844,0,0,300,0.5,1700,0.5,1
9,6,102,2,10,5,0,300,0.5,1700,0.5,2
9,7,589,2,10,5,0,500,0.6,1000,0.2,1400,0.2,1
9,8,550,1,0,500,0.6,1000,0.2,1400,0.2,2
9,9,922,2,10,5,0,300,0.5,1700,0.5,1
