0,0,33,2,10,5,0,500,0.6,1000,0.2,1400,0.2,2
0,1,929,2,10,5,0,500,0.6,1000,0.2,1400,0.2,2
0,2,306,1,0,500,0.6,1000,0.2,1400,0.2,1
0,3,747,2,10,5,0,500,0.6,1000,0.2,1400,0.2,2
0,4,634,0,0,300,0.5,1700,0.5,2
0,5,803,0,0,500,0.6,1000,0.2,1400,0.2,0
0,6,378,1,0,500,0.6,1000,0.2,1400,0.2,1
0,7,691,1,0,500,0.6,1000,0.2,1400,0.2,0
0,8,430,2,10,5,0,300,0.5,1700,0.5,2
0,9,86,1,0,300,0.5,1700,0.5,0
1,0,921,1,0,500,0.6,1000,0.2,1400,0.2,1
1,1,181,0,0,300,0.5,1700,0.5,1
1,2,309,0,0,300,0.5,1700,0.5,2
1,3,982,1,0,300,0.5,1700,0.5,2
1,4,587,2,10,5,0,300,0.5,1700,0.5,2
1,5,125,0,0,500,0.6,1000,0.2,1400,0.2,0
1,6,507,2,10,5,0,500,0.6,1000,0.2,1400,0.2,2
1,7,462,0,0,300,0.5,1700,0.5,0
1,8,636,2,10,5,0,500,0.6,1000,0.2,1400,0.2,0
1,9,949,2,10,5,0,300,0.5,1700,0.5,2
2,0,158,0,0,500,0.6,1000,0.2,1400,0.2,1
2,1,413,1,0,500,0.6,1000,0.2,1400,0.2,0
2,2,115,2,10,5,0,500,0.6,1000,0.2,1400,0.2,0
2,3,751,1,0,500,0.6,1000,0.2,1400,0.2,0
2,4,771,1,0,500,0.6,1000,0.2,1400,0.2,1
2,5,38,1,0,300,0.5,1700,0.5,1
2,6,143,2,10,5,0,300,0.5,1700,0.5,1
2,7,820,2,10,5,0,500,0.6,1000,0.2,1400,0.2,0
2,8,112,1,0,300,0.5,1700,0.5,0
2,9,564,2,10,5,0,500,0.6,1000,0.2,1400,0.2,2
3,0,483,0,0,500,0.6,1000,0.2,1400,0.2,1
3,1,947,0,0,300,0.5,1700,0.5,1
3,2,355,2,10,5,0,500,0.6,1000,0.2,1400,0.2,1
3,3,307,2,10,5,0,300,0.5,1700,0.5,2
3,4,70,1,0,500,0.6,1000,0.2,1400,0.2,1
3,5,37,2,10,5,0,500,0.6,1000,0.2,1400,0.2,1
3,6,436,2,10,5,0,500,0.6,1000,0.2,1400,0.2,1
3,7,365,0,0,500,0.6,1000,0.2,1400,0.2,1
3,8,938,2,10,5,0,500,0.6,1000,0.2,1400,0.2,1
3,9,192,2,10,5,0,500,0.6,1000,0.2,1400,0.2,0
4,0,169,1,0,500,0.6,1000,0.2,1400,0.2,2
4,1,304,1,0,300,0.5,1700,0.5,0
4,2,139,2,10,5,0,300,0.5,1700,0.5,1
4,3,341,1,0,300,0.5,1700,0.5,2
4,4,793,2,10,5,0,300,0.5,1700,0.5,0
4,5,725,1,0,500,0.6,1000,0.2,1400,0.2,2
4,6,216,0,0,500,0.6,1000,0.2,1400,0.2,0
4,7,184,2,10,5,0,300,0.5,1700,0.5,2
4,8,831,1,0,300,0.5,1700,0.5,0
4,9,17,0,0,500,0.6,1000,0.2,1400,0.2,0
5,0,664,0,0,300,0.5,1700,0.5,2
5,1,858,0,0,300,0.5,1700,0.5,1
5,2,687,2,10,5,0,500,0.6,1000,0.2,1400,0.2,1
5,3,55,0,0,500,0.6,1000,0.2,1400,0.2,1
5,4,231,0,0,500,0.6,1000,0.2,1400,0.2,0
5,5,453,0,0,500,0.6,1000,0.2,1400,0.2,1
5,6,494,0,0,300,0.5,1700,0.5,0
5,7,350,0,0,300,0.5,1700,0.5,2
5,8,642,0,0,300,0.5,1700,0.5,2
5,9,637,2,10,5,0,300,0.5,1700,0.5,1
6,0,668,0,0,500,0.6,1000,0.2,1400,0.2,0
6,1,76,2,10,5,0,300,0.5,1700,0.5,0
6,2,864,0,0,500,0.6,1000,0.2,1400,0.2,2
6,3,561,0,0,500,0.6,1000,0.2,1400,0.2,2
6,4,798,0,0,300,0.5,1700,0.5,2
6,5,404,1,0,500,0.6,1000,0.2,1400,0.2,2
6,6,765,2,10,5,0,500,0.6,1000,0.2,1400,0.2,1
6,7,409,1,0,300,0.5,1700,0.5,2
6,8,559,2,10,5,0,300,0.5,1700,0.5,1
6,9,478,2,10,5,0,500,0.6,1000,0.2,1400,0.2,0
7,0,897,1,0,500,0.6,1000,0.2,1400,0.2,1
7,1,59,0,0,300,0.5,1700,0.5,1
7,2,684,1,0,500,0.6,1000,0.2,1400,0.2,1
7,3,318,1,0,500,0.6,1000,0.2,1400,0.2,2
7,4,560,2,10,5,0,300,0.5,1700,0.5,2
7,5,802,0,0,500,0.6,1000,0.2,1400,0.2,1
7,6,730,2,10,5,0,300,0.5,1700,0.5,2
7,7,64,2,10,5,0,300,0.5,1700,0.5,0
7,8,893,0,0,500,0.6,1000,0.2,1400,0.2,0
7,9,823,1,0,300,0.5,1700,0.5,0
8,0,350,1,0,300,0.5,1700,0.5,1
8,1,17,2,10,5,0,500,0.6,1000,0.2,1400,0.2,2
8,2,105,2,10,5,0,300,0.5,1700,0.5,0
8,3,45,2,10,5,0,500,0.6,1000,0.2,1400,0.2,1
8,4,958,2,10,5,0,500,0.6,1000,0.2,1400,0.2,1
8,5,392,0,0,500,0.6,1000,0.2,1400,0.2,0
8,6,966,2,10,5,0,500,0.6,1000,0.2,1400,0.2,2
8,7,353,1,0,300,0.5,1700,0.5,1
8,8,695,1,0,300,0.5,1700,0.5,2
8,9,748,1,0,300,0.5,1700,0.5,2
9,0,776,1,0,500,0.6,1000,0.2,1400,0.2,0
9,1,398,0,0,500,0.6,1000,0.2,1400,0.2,0
9,2,840,2,10,5,0,300,0.5,1700,0.5,2
9,3,347,1,0,300,0.5,1700,0.5,2
9,4,288,0,0,300,0.5,1700,0.5,2
9,5,494,0,0,500,0.6,1000,0.2,1400,0.2,2
9,6,179,1,0,300,0.5,1700,0.5,2
9,7,191,1,0,300,0.5,1700,0.5,1
9,8,717,2,10,5,0,300,0.5,1700,0.5,1
9,9,342,2,10,5,0,500,0.6,1000,0.2,1400,0.2,2
