0,0,761,1,0,300,0.5,1700,0.5,2
0,1,455,1,0,500,0.6,1000,0.2,1400,0.2,2
0,2,106,1,0,300,0.5,1700,0.5,1
0,3,956,0,0,300,0.5,1700,0.5,2
0,4,811,2,10,5,0,300,0.5,1700,0.5,1
0,5,816,2,10,5,0,500,0.6,1000,0.2,1400,0.2,2
0,6,492,2,10,5,0,500,0.6,1000,0.2,1400,0.2,0
0,7,276,1,0,300,0.5,1700,0.5,0
0,8,595,0,0,300,0.5,1700,0.5,2
0,9,496,0,0,500,0.6,1000,0.2,1400,0.2,2
1,0,499,2,10,5,0,300,0.5,1700,0.5,1
1,1,592,0,0,500,0.6,1000,0.2,1400,0.2,0
1,2,643,2,10,5,0,500,0.6,1000,0.2,1400,0.2,2
1,3,817,1,0,300,0.5,1700,0.5,1
1,4,150,2,10,5,0,300,0.5,1700,0.5,1
1,5,827,1,0,300,0.5,1700,0.5,0
1,6,949,1,0,300,0.5,1700,0.5,1
1,7,338,0,0,300,0.5,1700,0.5,2
1,8,940,1,0,300,0.5,1700,0.5,1
1,9,902,0,0,500,0.6,1000,0.2,1400,0.2,0
2,0,675,0,0,300,0.5,1700,0.5,0
2,1,868,0,0,500,0.6,1000,0.2,1400,0.2,1
2,2,257,0,0,300,0.5,1700,0.5,2
2,3,856,2,10,5,0,500,0.6,1000,0.2,1400,0.2,1
2,4,378,0,0,500,0.6,1000,0.2,1400,0.2,1
2,5,202,0,0,500,0.6,1000,0.2,1400,0.2,0
2,6,375,0,0,500,0.6,1000,0.2,1400,0.2,0
2,7,255,2,10,5,0,300,0.5,1700,0.5,0
2,8,11,1,0,300,0.5,1700,0.5,0
2,9,759,1,0,500,0.6,1000,0.2,1400,0.2,0
3,0,501,2,10,5,0,500,0.6,1000,0.2,1400,0.2,1
3,1,453,1,0,300,0.5,1700,0.5,0
3,2,19,0,0,300,0.5,1700,0.5,1
3,3,408,0,0,500,0.6,1000,0.2,1400,0.2,1
3,4,759,0,0,300,0.5,1700,0.5,0
3,5,448,0,0,500,0.6,1000,0.2,1400,0.2,2
3,6,541,1,0,300,0.5,1700,0.5,0
3,7,256,2,10,5,0,500,0.6,1000,0.2,1400,0.2,0
3,8,120,2,10,5,0,500,0.6,1000,0.2,1400,0.2,2
3,9,478,0,0,500,0.6,1000,0.2,1400,0.2,1
4,0,472,1,0,500,0.6,1000,0.2,1400,0.2,2
4,1,853,0,0,500,0.6,1000,0.2,1400,0.2,2
4,2,275,1,0,500,0.6,1000,0.2,1400,0.2,2
4,3,779,1,0,500,0.6,1000,0.2,1400,0.2,1
4,4,110,1,0,500,0.6,1000,0.2,1400,0.2,1
4,5,26,1,0,500,0.6,1000,0.2,1400,0.2,0
4,6,884,2,10,5,0,500,0.6,1000,0.2,1400,0.2,0
4,7,18,2,10,5,0,300,0.5,1700,0.5,0
4,8,900,1,0,300,0.5,1700,0.5,0
4,9,407,2,10,5,0,500,0.6,1000,0.2,1400,0.2,2
5,0,478,2,10,5,0,300,0.5,1700,0.5,1
5,1,962,2,10,5,0,500,0.6,1000,0.2,1400,0.2,0
5,2,96,1,0,300,0.5,1700,0.5,2
5,3,221,0,0,500,0.6,1000,0.2,1400,0.2,2
5,4,275,2,10,5,0,300,0.5,1700,0.5,1
5,5,780,0,0,300,0.5,1700,0.5,1
5,6,549,1,0,300,0.5,1700,0.5,0
5,7,153,1,0,300,0.5,1700,0.5,2
5,8,279,0,0,500,0.6,1000,0.2,1400,0.2,1
5,9,947,1,0,300,0.5,1700,0.5,2
6,0,409,2,10,5,0,300,0.5,1700,0.5,0
6,1,242,0,0,500,0.6,1000,0.2,1400,0.2,0
6,2,635,2,10,5,0,500,0.6,1000,0.2,1400,0.2,1
6,3,987,2,10,5,0,300,0.5,1700,0.5,0
6,4,362,1,0,500,0.6,1000,0.2,1400,0.2,2
6,5,685,2,10,5,0,300,0.5,1700,0.5,1
6,6,553,1,0,500,0.6,1000,0.2,1400,0.2,0
6,7,103,2,10,5,0,300,0.5,1700,0.5,2
6,8,712,2,10,5,0,500,0.6,1000,0.2,1400,0.2,0
6,9,537,1,0,300,0.5,1700,0.5,2
7,0,863,1,0,500,0.6,1000,0.2,1400,0.2,2
7,1,456,1,0,500,0.6,1000,0.2,1400,0.2,0
7,2,645,2,10,5,0,300,0.5,1700,0.5,0
7,3,262,1,0,300,0.5,1700,0.5,0
7,4,541,1,0,300,0.5,1700,0.5,0
7,5,687,0,0,500,0.6,1000,0.2,1400,0.2,2
7,6,197,0,0,300,0.5,1700,0.5,1
7,7,408,0,0,500,0.6,1000,0.2,1400,0.2,0
7,8,863,0,0,300,0.5,1700,0.5,2
7,9,972,0,0,300,0.5,1700,0.5,1
8,0,523,1,0,500,0.6,1000,0.2,1400,0.2,2
8,1,151,0,0,500,0.6,1000,0.2,1400,0.2,0
8,2,751,1,0,500,0.6,1000,0.2,1400,0.2,2
8,3,28,2,10,5,0,500,0.6,1000,0.2,1400,0.2,1
8,4,940,0,0,300,0.5,1700,0.5,0
8,5,297,1,0,300,0.5,1700,0.5,2
8,6,169,0,0,500,0.6,1000,0.2,1400,0.2,0
8,7,431,1,0,300,0.5,1700,0.5,0
8,8,975,1,0,500,0.6,1000,0.2,1400,0.2,0
8,9,884,2,10,5,0,300,0.5,1700,0.5,0
9,0,649,2,10,5,0,500,0.6,1000,0.2,1400,0.2,0
9,1,217,1,0,300,0.5,1700,0.5,1
9,2,559,2,10,5,0,300,0.5,1700,0.5,2
9,3,33,2,10,5,0,500,0.6,1000,0.2,1400,0.2,0
9,4,659,0,0,500,0.6,1000,0.2,1400,0.2,0
9,5,989,1,0,500,0.6,1000,0.2,1400,0.2,1
9,6,711,2,10,5,0,300,0.5,1700,0.5,1
9,7,499,0,0,500,0.6,1000,0.2,1400,0.2,0
9,8,374,0,0,300,0.5,1700,0.5,0
9,9,196,1,0,500,0.6,1000,0.2,1400,0.2,2
