0,0,929,0,0,500,0.6,1000,0.2,1400,0.2,1
0,1,152,2,10,5,0,300,0.5,1700,0.5,0
0,2,45,1,0,500,0.6,1000,0.2,1400,0.2,2
0,3,701,1,0,500,0.6,1000,0.2,1400,0.2,2
0,4,212,2,10,5,0,300,0.5,1700,0.5,1
0,5,932,2,10,5,0,500,0.6,1000,0.2,1400,0.2,2
0,6,818,0,0,300,0.5,1700,0.5,1
0,7,394,2,10,5,0,300,0.5,1700,0.5,1
0,8,503,1,0,300,0.5,1700,0.5,1
0,9,475,1,0,500,0.6,1000,0.2,1400,0.2,2
1,0,872,0,0,500,0.6,1000,0.2,1400,0.2,2
1,1,74,2,10,5,0,300,0.5,1700,0.5,0
1,2,142,0,0,500,0.6,1000,0.2,1400,0.2,0
1,3,538,2,10,5,0,300,0.5,1700,0.5,0
1,4,236,0,0,500,0.6,1000,0.2,1400,0.2,2
1,5,485,1,0,500,0.6,1000,0.2,1400,0.2,2
1,6,294,0,0,300,0.5,1700,0.5,1
1,7,707,1,0,300,0.5,1700,0.5,0
1,8,203,0,0,500,0.6,1000,0.2,1400,0.2,0
1,9,809,0,0,500,0.6,1000,0.2,1400,0.2,1
2,0,123,1,0,500,0.6,1000,0.2,1400,0.2,0
2,1,159,1,0,500,0.6,1000,0.2,1400,0.2,0
2,2,683,0,0,300,0.5,1700,0.5,2
2,3,374,2,10,5,0,300,0.5,1700,0.5,2
2,4,839,0,0,300,0.5,1700,0.5,2
2,5,291,0,0,500,0.6,1000,0.2,1400,0.2,1
2,6,851,2,10,5,0,500,0.6,1000,0.2,1400,0.2,2
2,7,843,0,0,500,0.6,1000,0.2,1400,0.2,2
2,8,348,2,10,5,0,300,0.5,1700,0.5,0
2,9,672,2,10,5,0,500,0.6,1000,0.2,1400,0.2,1
3,0,19,0,0,500,0.6,1000,0.2,1400,0.2,2
3,1,294,1,0,500,0.6,1000,0.2,1400,0.2,2
3,2,167,0,0,300,0.5,1700,0.5,2
3,3,249,1,0,500,0.6,1000,0.2,1400,0.2,2
3,4,104,1,0,500,0.6,1000,0.2,1400,0.2,0
3,5,822,2,10,5,0,500,0.6,1000,0.2,1400,0.2,1
3,6,443,1,0,500,0.6,1000,0.2,1400,0.2,0
3,7,635,2,10,5,0,300,0.5,1700,0.5,0
3,8,56,1,0,500,0.6,1000,0.2,1400,0.2,2
3,9,400,0,0,500,0.6,1000,0.2,1400,0.2,1
4,0,247,2,10,5,0,500,0.6,1000,0.2,1400,0.2,2
4,1,120,2,10,5,0,500,0.6,1000,0.2,1400,0.2,2
4,2,727,2,10,5,0,500,0.6,1000,0.2,1400,0.2,0
4,3,258,2,10,5,0,500,0.6,1000,0.2,1400,0.2,0
4,4,50,2,10,5,0,500,0.6,1000,0.2,1400,0.2,2
4,5,86,1,0,300,0.5,1700,0.5,1
4,6,452,0,0,300,0.5,1700,0.5,1
4,7,762,1,0,300,0.5,1700,0.5,1
4,8,518,1,0,500,0.6,1000,0.2,1400,0.2,0
4,9,577,2,10,5,0,300,0.5,1700,0.5,2
5,0,141,2,10,5,0,500,0.6,1000,0.2,1400,0.2,2
5,1,585,1,0,300,0.5,1700,0.5,0
5,2,775,0,0,500,0.6,1000,0.2,1400,0.2,2
5,3,622,2,10,5,0,500,0.6,1000,0.2,1400,0.2,2
5,4,574,0,0,300,0.5,1700,0.5,0
5,5,439,1,0,300,0.5,1700,0.5,2
5,6,610,2,10,5,0,500,0.6,1000,0.2,1400,0.2,1
5,7,40,1,0,300,0.5,1700,0.5,0
5,8,99,1,0,500,0.6,1000,0.2,1400,0.2,2
5,9,384,2,10,5,0,300,0.5,1700,0.5,0
6,0,863,1,0,300,0.5,1700,0.5,0
6,1,362,2,10,5,0,300,0.5,1700,0.5,1
6,2,446,0,0,300,0.5,1700,0.5,2
6,3,928,2,10,5,0,500,0.6,1000,0.2,1400,0.2,0
6,4,839,1,0,300,0.5,1700,0.5,0
6,5,430,1,0,300,0.5,1700,0.5,0
6,6,681,2,10,5,0,300,0.5,1700,0.5,1
6,7,645,1,0,500,0.6,1000,0.2,1400,0.2,2
6,8,115,0,0,500,0.6,1000,0.2,1400,0.2,1
6,9,138,0,0,500,0.6,1000,0.2,1400,0.2,1
7,0,367,1,0,300,0.5,1700,0.5,0
7,1,961,0,0,300,0.5,1700,0.5,0
7,2,904,0,0,300,0.5,1700,0.5,1
7,3,685,1,0,500,0.6,1000,0.2,1400,0.2,0
7,4,369,1,0,300,0.5,1700,0.5,1
7,5,23,0,0,500,0.6,1000,0.2,1400,0.2,2
7,6,271,1,0,300,0.5,1700,0.5,2
7,7,928,2,10,5,0,300,0.5,1700,0.5,1
7,8,187,0,0,300,0.5,1700,0.5,2
7,9,815,1,0,500,0.6,1000,0.2,1400,0.2,0
8,0,464,0,0,300,0.5,1700,0.5,2
8,1,315,2,10,5,0,500,0.6,1000,0.2,1400,0.2,0
8,2,125,2,10,5,0,300,0.5,1700,0.5,2
8,3,444,2,10,5,0,500,0.6,1000,0.2,1400,0.2,1
8,4,93,0,0,300,0.5,1700,0.5,0
8,5,953,2,10,5,0,300,0.5,1700,0.5,2
8,6,638,2,10,5,0,300,0.5,1700,0.5,1
8,7,274,0,0,500,0.6,1000,0.2,1400,0.2,1
8,8,824,0,0,500,0.6,1000,0.2,1400,0.2,1
8,9,583,1,0,500,0.6,1000,0.2,1400,0.2,2
9,0,39,2,10,5,0,500,0.6,1000,0.2,1400,0.2,0
9,1,355,2,10,5,0,300,0.5,1700,0.5,0
9,2,64,0,0,500,0.6,1000,0.2,1400,0.2,2
9,3,994,0,0,500,0.6,1000,0.2,1400,0.2,1
9,4,896,2,10,5,0,500,0.6,1000,0.2,1400,0.2,0
9,5,325,0,0,300,0.5,1700,0.5,2
9,6,108,0,0,500,0.6,1000,0.2,1400,0.2,2
9,7,563,1,0,500,0.6,1000,0.2,1400,0.2,0
9,8,489,1,0,500,0.6,1000,0.2,1400,0.2,2
9,9,52,2,10,5,0,300,0.5,1700,0.5,1
