0,0,150,1,0,500,0.6,1000,0.2,1400,0.2,0
0,1,622,0,0,300,0.5,1700,0.5,1
0,2,373,0,0,500,0.6,1000,0.2,1400,0.2,1
0,3,635,0,0,300,0.5,1700,0.5,1
0,4,811,1,0,500,0.6,1000,0.2,1400,0.2,0
0,5,688,0,0,500,0.6,1000,0.2,1400,0.2,0
0,6,838,0,0,300,0.5,1700,0.5,2
0,7,644,2,10,5,0,500,0.6,1000,0.2,1400,0.2,0
0,8,666,0,0,500,0.6,1000,0.2,1400,0.2,0
0,9,149,0,0,500,0.6,1000,0.2,1400,0.2,1
1,0,376,0,0,300,0.5,1700,0.5,1
1,1,256,1,0,300,0.5,1700,0.5,2
1,2,377,2,10,5,0,300,0.5,1700,0.5,0
1,3,695,2,10,5,0,500,0.6,1000,0.2,1400,0.2,2
1,4,147,0,0,500,0.6,1000,0.2,1400,0.2,1
1,5,336,2,10,5,0,300,0.5,1700,0.5,2
1,6,687,2,10,5,0,300,0.5,1700,0.5,0
1,7,981,2,10,5,0,500,0.6,1000,0.2,1400,0.2,1
1,8,490,0,0,500,0.6,1000,0.2,1400,0.2,2
1,9,866,2,10,5,0,300,0.5,1700,0.5,2
2,0,632,2,10,5,0,300,0.5,1700,0.5,2
2,1,899,2,10,5,0,500,0.6,1000,0.2,1400,0.2,2
2,2,432,0,0,300,0.5,1700,0.5,1
2,3,666,0,0,500,0.6,1000,0.2,1400,0.2,0
2,4,314,2,10,5,0,500,0.6,1000,0.2,1400,0.2,2
2,5,621,0,0,500,0.6,1000,0.2,1400,0.2,0
2,6,674,2,10,5,0,500,0.6,1000,0.2,1400,0.2,2
2,7,174,0,0,500,0.6,1000,0.2,1400,0.2,0
2,8,425,2,10,5,0,300,0.5,1700,0.5,1
2,9,144,2,10,5,0,300,0.5,1700,0.5,1
3,0,816,0,0,300,0.5,1700,0.5,2
3,1,518,1,0,300,0.5,1700,0.5,2
3,2,905,2,10,5,0,500,0.6,1000,0.2,1400,0.2,2
3,3,152,1,0,300,0.5,1700,0.5,0
3,4,912,1,0,300,0.5,1700,0.5,2
3,5,773,0,0,500,0.6,1000,0.2,1400,0.2,2
3,6,673,1,0,300,0.5,1700,0.5,1
3,7,85,0,0,300,0.5,1700,0.5,1
3,8,440,1,0,500,0.6,1000,0.2,1400,0.2,1
3,9,662,0,0,300,0.5,1700,0.5,1
4,0,600,2,10,5,0,300,0.5,1700,0.5,0
4,1,172,0,0,500,0.6,1000,0.2,1400,0.2,1
4,2,127,1,0,500,0.6,1000,0.2,1400,0.2,2
4,3,888,0,0,500,0.6,1000,0.2,1400,0.2,0
4,4,657,1,0,300,0.5,1700,0.5,0
4,5,667,0,0,300,0.5,1700,0.5,2
4,6,441,0,0,300,0.5,1700,0.5,0
4,7,502,1,0,500,0.6,1000,0.2,1400,0.2,1
4,8,777,0,0,500,0.6,1000,0.2,1400,0.2,0
4,9,440,0,0,300,0.5,1700,0.5,0
5,0,419,2,10,5,0,500,0.6,1000,0.2,1400,0.2,2
5,1,105,0,0,500,0.6,1000,0.2,1400,0.2,2
5,2,728,2,10,5,0,300,0.5,1700,0.5,1
5,3,691,0,0,500,0.6,1000,0.2,1400,0.2,2
5,4,881,1,0,300,0.5,1700,0.5,0
5,5,911,2,10,5,0,500,0.6,1000,0.2,1400,0.2,2
5,6,566,1,0,500,0.6,1000,0.2,1400,0.2,1
5,7,581,0,0,500,0.6,1000,0.2,1400,0.2,0
5,8,644,1,0,300,0.5,1700,0.5,1
5,9,258,1,0,500,0.6,1000,0.2,1400,0.2,0
6,0,885,1,0,300,0.5,1700,0.5,0
6,1,104,1,0,500,0.6,1000,0.2,1400,0.2,0
6,2,173,0,0,300,0.5,1700,0.5,1
6,3,369,0,0,300,0.5,1700,0.5,0
6,4,375,2,10,5,0,500,0.6,1000,0.2,1400,0.2,0
6,5,81,0,0,300,0.5,1700,0.5,0
6,6,885,0,0,500,0.6,1000,0.2,1400,0.2,0
6,7,807,0,0,500,0.6,1000,0.2,1400,0.2,1
6,8,386,0,0,500,0.6,1000,0.2,1400,0.2,2
6,9,872,0,0,300,0.5,1700,0.5,2
7,0,218,1,0,300,0.5,1700,0.5,1
7,1,760,0,0,500,0.6,1000,0.2,1400,0.2,1
7,2,869,2,10,5,0,500,0.6,1000,0.2,1400,0.2,1
7,3,677,0,0,300,0.5,1700,0.5,2
7,4,311,0,0,500,0.6,1000,0.2,1400,0.2,1
7,5,179,2,10,5,0,300,0.5,1700,0.5,2
7,6,703,1,0,500,0.6,1000,0.2,1400,0.2,2
7,7,385,0,0,300,0.5,1700,0.5,2
7,8,809,1,0,500,0.6,1000,0.2,1400,0.2,1
7,9,114,2,10,5,0,500,0.6,1000,0.2,1400,0.2,1
8,0,675,0,0,500,0.6,1000,0.2,1400,0.2,2
8,1,951,1,0,500,0.6,1000,0.2,1400,0.2,1
8,2,430,2,10,5,0,300,0.5,1700,0.5,1
8,3,222,1,0,300,0.5,1700,0.5,1
8,4,390,0,0,300,0.5,1700,0.5,1
8,5,136,2,10,5,0,300,0.5,1700,0.5,0
8,6,254,0,0,500,0.6,1000,0.2,1400,0.2,2
8,7,148,0,0,300,0.5,1700,0.5,0
8,8,468,1,0,500,0.6,1000,0.2,1400,0.2,2
8,9,33,0,0,500,0.6,1000,0.2,1400,0.2,0
9,0,142,2,10,5,0,500,0.6,1000,0.2,1400,0.2,1
9,1,439,1,0,300,0.5,1700,0.5,2
9,2,868,1,0,300,0.5,1700,0.5,0
9,3,707,0,0,500,0.6,1000,0.2,1400,0.2,0
9,4,370,0,0,300,0.5,1700,0.5,1
9,5,463,2,10,5,0,300,0.5,1700,0.5,1
9,6,975,2,10,5,0,300,0.5,1700,0.5,1
9,7,962,1,0,300,0.5,1700,0.5,2
9,8,382,0,0,300,0.5,1700,0.5,2
9,9,132,1,0,500,0.6,1000,0.2,1400,0.2,2
