0,0,405,2,10,5,0,300,0.5,1700,0.5,0
0,1,446,0,0,500,0.6,1000,0.2,1400,0.2,0
0,2,905,1,0,300,0.5,1700,0.5,1
0,3,310,2,10,5,0,300,0.5,1700,0.5,2
0,4,546,1,0,500,0.6,1000,0.2,1400,0.2,0
0,5,921,2,10,5,0,300,0.5,1700,0.5,1
0,6,571,0,0,500,0.6,1000,0.2,1400,0.2,0
0,7,523,0,0,500,0.6,1000,0.2,1400,0.2,1
0,8,79,0,0,500,0.6,1000,0.2,1400,0.2,2
0,9,141,1,0,300,0.5,1700,0.5,0
1,0,480,0,0,300,0.5,1700,0.5,0
1,1,744,2,10,5,0,500,0.6,1000,0.2,1400,0.2,2
1,2,959,2,10,5,0,500,0.6,1000,0.2,1400,0.2,1
1,3,441,1,0,500,0.6,1000,0.2,1400,0.2,1
1,4,797,2,10,5,0,500,0.6,1000,0.2,1400,0.2,1
1,5,414,1,0,300,0.5,1700,0.5,0
1,6,936,1,0,500,0.6,1000,0.2,1400,0.2,0
1,7,255,1,0,500,0.6,1000,0.2,1400,0.2,1
1,8,259,2,10,5,0,300,0.5,1700,0.5,0
1,9,588,0,0,300,0.5,1700,0.5,2
2,0,22,0,0,300,0.5,1700,0.5,1
2,1,108,2,10,5,0,500,0.6,1000,0.2,1400,0.2,1
2,2,808,1,0,300,0.5,1700,0.5,2
2,3,43,2,10,5,0,300,0.5,1700,0.5,1
2,4,686,2,10,5,0,500,0.6,1000,0.2,1400,0.2,1
2,5,518,0,0,300,0.5,1700,0.5,0
2,6,886,2,10,5,0,300,0.5,1700,0.5,0
2,7,855,0,0,300,0.5,1700,0.5,1
2,8,462,2,10,5,0,500,0.6,1000,0.2,1400,0.2,1
2,9,481,0,0,500,0.6,1000,0.2,1400,0.2,1
3,0,297,1,0,300,0.5,1700,0.5,0
3,1,777,2,10,5,0,500,0.6,1000,0.2,1400,0.2,0
3,2,185,1,0,500,0.6,1000,0.2,1400,0.2,2
3,3,729,2,10,5,0,500,0.6,1000,0.2,1400,0.2,0
3,4,982,2,10,5,0,500,0.6,1000,0.2,1400,0.2,0
3,5,539,1,0,500,0.6,1000,0.2,1400,0.2,2
3,6,156,0,0,500,0.6,1000,0.2,1400,0.2,0
3,7,667,0,0,500,0.6,1000,0.2,1400,0.2,2
3,8,969,2,10,5,0,300,0.5,1700,0.5,2
3,9,553,1,0,300,0.5,1700,0.5,0
4,0,947,0,0,300,0.5,1700,0.5,2
4,1,759,1,0,300,0.5,1700,0.5,1
4,2,352,2,10,5,0,300,0.5,1700,0.5,2
4,3,223,0,0,500,0.6,1000,0.2,1400,0.2,1
4,4,414,1,0,300,0.5,1700,0.5,0
4,5,831,0,0,500,0.6,1000,0.2,1400,0.2,0
4,6,724,1,0,300,0.5,1700,0.5,1
4,7,494,2,10,5,0,500,0.6,1000,0.2,1400,0.2,2
4,8,31,0,0,300,0.5,1700,0.5,1
4,9,543,1,0,300,0.5,1700,0.5,1
5,0,292,2,10,5,0,300,0.5,1700,0.5,2
5,1,108,2,10,5,0,300,0.5,1700,0.5,1
5,2,800,1,0,300,0.5,1700,0.5,1
5,3,24,1,0,500,0.6,1000,0.2,1400,0.2,0
5,4,211,1,0,300,0.5,1700,0.5,2
5,5,463,0,0,500,0.6,1000,0.2,1400,0.2,1
5,6,834,0,0,300,0.5,1700,0.5,1
5,7,874,0,0,300,0.5,1700,0.5,1
5,8,151,0,0,500,0.6,1000,0.2,1400,0.2,2
5,9,82,2,10,5,0,300,0.5,1700,0.5,2
6,0,621,1,0,500,0.6,1000,0.2,1400,0.2,0
6,1,786,2,10,5,0,300,0.5,1700,0.5,0
6,2,311,1,0,300,0.5,1700,0.5,2
6,3,664,1,0,500,0.6,1000,0.2,1400,0.2,2
6,4,356,1,0,300,0.5,1700,0.5,2
6,5,478,1,0,500,0.6,1000,0.2,1400,0.2,2
6,6,810,2,10,5,0,500,0.6,1000,0.2,1400,0.2,1
6,7,617,1,0,300,0.5,1700,0.5,0
6,8,577,2,10,5,0,500,0.6,1000,0.2,1400,0.2,1
6,9,136,2,10,5,0,500,0.6,1000,0.2,1400,0.2,1
7,0,311,2,10,5,0,300,0.5,1700,0.5,2
7,1,964,2,10,5,0,500,0.6,1000,0.2,1400,0.2,0
7,2,270,0,0,500,0.6,1000,0.2,1400,0.2,2
7,3,902,2,10,5,0,300,0.5,1700,0.5,0
7,4,125,0,0,500,0.6,1000,0.2,1400,0.2,2
7,5,346,2,10,5,0,300,0.5,1700,0.5,2
7,6,143,2,10,5,0,500,0.6,1000,0.2,1400,0.2,1
7,7,408,2,10,5,0,300,0.5,1700,0.5,1
7,8,946,2,10,5,0,300,0.5,1700,0.5,1
7,9,453,1,0,500,0.6,1000,0.2,1400,0.2,1
8,0,947,2,10,5,0,500,0.6,1000,0.2,1400,0.2,2
8,1,550,0,0,500,0.6,1000,0.2,1400,0.2,1
8,2,711,0,0,500,0.6,1000,0.2,1400,0.2,0
8,3,893,0,0,500,0.6,1000,0.2,1400,0.2,2
8,4,396,0,0,300,0.5,1700,0.5,1
8,5,982,0,0,500,0.6,1000,0.2,1400,0.2,1
8,6,743,0,0,300,0.5,1700,0.5,2
8,7,72,0,0,500,0.6,1000,0.2,1400,0.2,1
8,8,749,0,0,300,0.5,1700,0.5,2
8,9,715,0,0,500,0.6,1000,0.2,1400,0.2,0
9,0,385,2,10,5,0,500,0.6,1000,0.2,1400,0.2,0
9,1,878,2,10,5,0,300,0.5,1700,0.5,2
9,2,760,1,0,300,0.5,1700,0.5,0
9,3,499,1,0,500,0.6,1000,0.2,1400,0.2,0
9,4,626,2,10,5,0,300,0.5,1700,0.5,1
9,5,213,2,10,5,0,500,0.6,1000,0.2,1400,0.2,0
9,6,172,0,0,300,0.5,1700,0.5,0
9,7,117,1,0,500,0.6,1000,0.2,1400,0.2,1
9,8,569,0,0,300,0.5,1700,0.5,1
9,9,94,0,0,300,0.5,1700,0.5,2
