0,0,189,0,0,500,0.6,1000,0.2,1400,0.2,1
0,1,34,0,0,500,0.6,1000,0.2,1400,0.2,1
0,2,997,1,0,500,0.6,1000,0.2,1400,0.2,1
0,3,236,2,10,5,0,300,0.5,1700,0.5,2
0,4,587,2,10,5,0,300,0.5,1700,0.5,2
0,5,611,1,0,500,0.6,1000,0.2,1400,0.2,0
0,6,337,1,0,300,0.5,1700,0.5,1
0,7,51,2,10,5,0,500,0.6,1000,0.2,1400,0.2,1
0,8,548,2,10,5,0,300,0.5,1700,0.5,0
0,9,724,1,0,500,0.6,1000,0.2,1400,0.2,0
1,0,518,1,0,500,0.6,1000,0.2,1400,0.2,0
1,1,736,2,10,5,0,300,0.5,1700,0.5,2
1,2,799,1,0,300,0.5,1700,0.5,2
1,3,577,1,0,300,0.5,1700,0.5,2
1,4,963,2,10,5,0,500,0.6,1000,0.2,1400,0.2,1
1,5,424,1,0,300,0.5,1700,0.5,2
1,6,967,1,0,300,0.5,1700,0.5,1
1,7,924,1,0,500,0.6,1000,0.2,1400,0.2,1
1,8,578,0,0,500,0.6,1000,0.2,1400,0.2,2
1,9,268,2,10,5,0,500,0.6,1000,0.2,1400,0.2,2
2,0,25,2,10,5,0,300,0.5,1700,0.5,2
2,1,633,1,0,300,0.5,1700,0.5,0
2,2,645,1,0,500,0.6,1000,0.2,1400,0.2,2
2,3,102,0,0,300,0.5,1700,0.5,1
2,4,325,2,10,5,0,500,0.6,1000,0.2,1400,0.2,2
2,5,101,0,0,500,0.6,1000,0.2,1400,0.2,1
2,6,366,2,10,5,0,500,0.6,1000,0.2,1400,0.2,2
2,7,867,0,0,500,0.6,1000,0.2,1400,0.2,0
2,8,250,2,10,5,0,500,0.6,1000,0.2,1400,0.2,1
2,9,899,0,0,300,0.5,1700,0.5,2
3,0,38,1,0,300,0.5,1700,0.5,0
3,1,743,0,0,500,0.6,1000,0.2,1400,0.2,2
3,2,909,1,0,300,0.5,1700,0.5,1
3,3,540,0,0,300,0.5,1700,0.5,0
3,4,982,0,0,500,0.6,1000,0.2,1400,0.2,2
3,5,906,1,0,500,0.6,1000,0.2,1400,0.2,0
3,6,331,1,0,500,0.6,1000,0.2,1400,0.2,2
3,7,21,2,10,5,0,500,0.6,1000,0.2,1400,0.2,1
3,8,623,0,0,300,0.5,1700,0.5,1
3,9,121,0,0,500,0.6,1000,0.2,1400,0.2,1
4,0,86,2,10,5,0,300,0.5,1700,0.5,2
4,1,991,2,10,5,0,500,0.6,1000,0.2,1400,0.2,2
4,2,661,0,0,300,0.5,1700,0.5,2
4,3,579,1,0,500,0.6,1000,0.2,1400,0.2,1
4,4,145,2,10,5,0,500,0.6,1000,0.2,1400,0.2,1
4,5,29,0,0,300,0.5,1700,0.5,0
4,6,577,0,0,300,0.5,1700,0.5,1
4,7,105,0,0,500,0.6,1000,0.2,1400,0.2,1
4,8,459,1,0,500,0.6,1000,0.2,1400,0.2,0
4,9,944,2,10,5,0,300,0.5,1700,0.5,0
5,0,724,1,0,300,0.5,1700,0.5,1
5,1,747,0,0,300,0.5,1700,0.5,1
5,2,409,2,10,5,0,300,0.5,1700,0.5,0
5,3,566,1,0,300,0.5,1700,0.5,1
5,4,154,1,0,300,0.5,1700,0.5,0
5,5,842,2,10,5,0,300,0.5,1700,0.5,2
5,6,341,1,0,300,0.5,1700,0.5,0
5,7,874,2,10,5,0,500,0.6,1000,0.2,1400,0.2,0
5,8,690,2,10,5,0,300,0.5,1700,0.5,2
5,9,348,2,10,5,0,300,0.5,1700,0.5,0
6,0,106,2,10,5,0,300,0.5,1700,0.5,0
6,1,404,2,10,5,0,300,0.5,1700,0.5,0
6,2,366,2,10,5,0,300,0.5,1700,0.5,1
6,3,75,1,0,500,0.6,1000,0.2,1400,0.2,1
6,4,181,2,10,5,0,500,0.6,1000,0.2,1400,0.2,2
6,5,353,0,0,300,0.5,1700,0.5,0
6,6,405,1,0,300,0.5,1700,0.5,1
6,7,185,1,0,300,0.5,1700,0.5,0
6,8,173,0,0,300,0.5,1700,0.5,2
6,9,367,0,0,300,0.5,1700,0.5,1
7,0,517,1,0,500,0.6,1000,0.2,1400,0.2,2
7,1,984,0,0,300,0.5,1700,0.5,2
7,2,25,0,0,300,0.5,1700,0.5,2
7,3,29,0,0,300,0.5,1700,0.5,1
7,4,581,0,0,500,0.6,1000,0.2,1400,0.2,2
7,5,450,2,10,5,0,500,0.6,1000,0.2,1400,0.2,0
7,6,134,0,0,300,0.5,1700,0.5,2
7,7,72,2,10,5,0,500,0.6,1000,0.2,1400,0.2,1
7,8,678,1,0,500,0.6,1000,0.2,1400,0.2,0
7,9,439,0,0,300,0.5,1700,0.5,2
8,0,455,0,0,500,0.6,1000,0.2,1400,0.2,1
8,1,992,1,0,300,0.5,1700,0.5,0
8,2,300,1,0,500,0.6,1000,0.2,1400,0.2,2
8,3,312,0,0,300,0.5,1700,0.5,1
8,4,130,0,0,500,0.6,1000,0.2,1400,0.2,1
8,5,669,2,10,5,0,500,0.6,1000,0.2,1400,0.2,0
8,6,875,2,10,5,0,500,0.6,1000,0.2,1400,0.2,0
8,7,409,0,0,500,0.6,1000,0.2,1400,0.2,2
8,8,104,1,0,500,0.6,1000,0.2,1400,0.2,0
8,9,508,2,10,5,0,300,0.5,1700,0.5,2
9,0,867,1,0,300,0.5,1700,0.5,1
9,1,337,2,10,5,0,300,0.5,1700,0.5,1
9,2,111,0,0,300,0.5,1700,0.5,2
9,3,67,2,10,5,0,500,0.6,1000,0.2,1400,0.2,2
9,4,366,2,10,5,0,500,0.6,1000,0.2,1400,0.2,0
9,5,655,0,0,300,0.5,1700,0.5,0
9,6,898,0,0,500,0.6,1000,0.2,1400,0.2,0
9,7,312,1,0,300,0.5,1700,0.5,0
9,8,162,0,0,300,0.5,1700,0.5,1
9,9,541,1,0,300,0.5,1700,0.5,1
