0,0,112,2,10,5,0,500,0.6,1000,0.2,1400,0.2,1
0,1,45,2,10,5,0,500,0.6,1000,0.2,1400,0.2,1
0,2,130,2,10,5,0,500,0.6,1000,0.2,1400,0.2,2
0,3,663,1,0,500,0.6,1000,0.2,1400,0.2,2
0,4,821,0,0,300,0.5,1700,0.5,0
0,5,859,2,10,5,0,300,0.5,1700,0.5,2
0,6,444,1,0,300,0.5,1700,0.5,2
0,7,822,0,0,500,0.6,1000,0.2,1400,0.2,0
0,8,480,2,10,5,0,500,0.6,1000,0.2,1400,0.2,2
0,9,516,2,10,5,0,500,0.6,1000,0.2,1400,0.2,1
1,0,353,0,0,300,0.5,1700,0.5,0
1,1,951,2,10,5,0,300,0.5,1700,0.5,1
1,2,465,0,0,300,0.5,1700,0.5,2
1,3,641,0,0,300,0.5,1700,0.5,0
1,4,774,0,0,300,0.5,1700,0.5,1
1,5,135,1,0,300,0.5,1700,0.5,1
1,6,391,2,10,5,0,300,0.5,1700,0.5,1
1,7,351,1,0,500,0.6,1000,0.2,1400,0.2,2
1,8,960,2,10,5,0,500,0.6,1000,0.2,1400,0.2,2
1,9,384,1,0,300,0.5,1700,0.5,1
2,0,11,2,10,5,0,300,0.5,1700,0.5,1
2,1,979,2,10,5,0,300,0.5,1700,0.5,2
2,2,870,2,10,5,0,300,0.5,1700,0.5,2
2,3,106,0,0,500,0.6,1000,0.2,1400,0.2,2
2,4,413,0,0,300,0.5,1700,0.5,0
2,5,465,1,0,500,0.6,1000,0.2,1400,0.2,2
2,6,438,1,0,500,0.6,1000,0.2,1400,0.2,2
2,7,433,0,0,300,0.5,1700,0.5,2
2,8,165,2,10,5,0,300,0.5,1700,0.5,2
2,9,179,0,0,500,0.6,1000,0.2,1400,0.2,1
3,0,133,0,0,500,0.6,1000,0.2,1400,0.2,1
3,1,535,2,10,5,0,500,0.6,1000,0.2,1400,0.2,2
3,2,959,2,10,5,0,500,0.6,1000,0.2,1400,0.2,2
3,3,755,2,10,5,0,500,0.6,1000,0.2,1400,0.2,0
3,4,992,0,0,300,0.5,1700,0.5,2
3,5,804,2,10,5,0,500,0.6,1000,0.2,1400,0.2,2
3,6,441,0,0,300,0.5,1700,0.5,1
3,7,268,0,0,300,0.5,1700,0.5,2
3,8,494,2,10,5,0,500,0.6,1000,0.2,1400,0.2,2
3,9,825,1,0,500,0.6,1000,0.2,1400,0.2,0
4,0,948,0,0,500,0.6,1000,0.2,1400,0.2,1
4,1,161,2,10,5,0,300,0.5,1700,0.5,0
4,2,682,1,0,300,0.5,1700,0.5,2
4,3,609,0,0,500,0.6,1000,0.2,1400,0.2,0
4,4,728,0,0,300,0.5,1700,0.5,1
4,5,338,1,0,500,0.6,1000,0.2,1400,0.2,1
4,6,899,2,10,5,0,300,0.5,1700,0.5,1
4,7,213,0,0,500,0.6,1000,0.2,1400,0.2,0
4,8,144,1,0,500,0.6,1000,0.2,1400,0.2,2
4,9,926,1,0,500,0.6,1000,0.2,1400,0.2,1
5,0,197,2,10,5,0,300,0.5,1700,0.5,1
5,1,65,0,0,500,0.6,1000,0.2,1400,0.2,2
5,2,735,0,0,300,0.5,1700,0.5,1
5,3,866,2,10,5,0,500,0.6,1000,0.2,1400,0.2,1
5,4,466,1,0,300,0.5,1700,0.5,2
5,5,915,1,0,500,0.6,1000,0.2,1400,0.2,0
5,6,979,1,0,500,0.6,1000,0.2,1400,0.2,1
5,7,522,2,10,5,0,300,0.5,1700,0.5,0
5,8,81,2,10,5,0,300,0.5,1700,0.5,2
5,9,521,1,0,300,0.5,1700,0.5,1
6,0,930,1,0,500,0.6,1000,0.2,1400,0.2,0
6,1,512,2,10,5,0,500,0.6,1000,0.2,1400,0.2,0
6,2,698,2,10,5,0,500,0.6,1000,0.2,1400,0.2,0
6,3,490,1,0,500,0.6,1000,0.2,1400,0.2,2
6,4,408,0,0,500,0.6,1000,0.2,1400,0.2,2
6,5,394,2,10,5,0,500,0.6,1000,0.2,1400,0.2,1
6,6,708,0,0,500,0.6,1000,0.2,1400,0.2,0
6,7,80,0,0,300,0.5,1700,0.5,1
6,8,462,2,10,5,0,300,0.5,1700,0.5,2
6,9,780,1,0,500,0.6,1000,0.2,1400,0.2,1
7,0,831,2,10,5,0,500,0.6,1000,0.2,1400,0.2,1
7,1,513,2,10,5,0,500,0.6,1000,0.2,1400,0.2,2
7,2,57,0,0,500,0.6,1000,0.2,1400,0.2,1
7,3,710,0,0,300,0.5,1700,0.5,0
7,4,716,1,0,300,0.5,1700,0.5,2
7,5,372,2,10,5,0,500,0.6,1000,0.2,1400,0.2,2
7,6,204,0,0,500,0.6,1000,0.2,1400,0.2,1
7,7,604,0,0,300,0.5,1700,0.5,0
7,8,830,2,10,5,0,500,0.6,1000,0.2,1400,0.2,2
7,9,411,0,0,300,0.5,1700,0.5,2
8,0,575,2,10,5,0,500,0.6,1000,0.2,1400,0.2,1
8,1,944,0,0,500,0.6,1000,0.2,1400,0.2,2
8,2,302,0,0,300,0.5,1700,0.5,2
8,3,932,0,0,500,0.6,1000,0.2,1400,0.2,1
8,4,806,1,0,500,0.6,1000,0.2,1400,0.2,0
8,5,232,0,0,500,0.6,1000,0.2,1400,0.2,2
8,6,341,1,0,300,0.5,1700,0.5,1
8,7,179,1,0,500,0.6,1000,0.2,1400,0.2,0
8,8,112,1,0,300,0.5,1700,0.5,2
8,9,436,1,0,300,0.5,1700,0.5,2
9,0,456,0,0,300,0.5,1700,0.5,0
9,1,950,1,0,300,0.5,1700,0.5,0
9,2,395,0,0,300,0.5,1700,0.5,1
9,3,335,2,10,5,0,300,0.5,1700,0.5,0
9,4,727,0,0,300,0.5,1700,0.5,1
9,5,228,0,0,300,0.5,1700,0.5,1
9,6,688,0,0,500,0.6,1000,0.2,1400,0.2,2
9,7,94,0,0,300,0.5,1700,0.5,0
9,8,545,0,0,500,0.6,1000,0.2,1400,0.2,1
9,9,241,1,0,300,0.5,1700,0.5,1
