0,0,397,2,10,5,0,300,0.5,1700,0.5,2
0,1,704,2,10,5,0,500,0.6,1000,0.2,1400,0.2,2
0,2,282,0,0,300,0.5,1700,0.5,2
0,3,834,0,0,300,0.5,1700,0.5,2
0,4,552,2,10,5,0,500,0.6,1000,0.2,1400,0.2,1
0,5,126,2,10,5,0,300,0.5,1700,0.5,1
0,6,471,0,0,300,0.5,1700,0.5,0
0,7,255,0,0,500,0.6,1000,0.2,1400,0.2,1
0,8,745,1,0,500,0.6,1000,0.2,1400,0.2,2
0,9,240,1,0,300,0.5,1700,0.5,1
1,0,444,0,0,300,0.5,1700,0.5,1
1,1,960,2,10,5,0,500,0.6,1000,0.2,1400,0.2,2
1,2,72,0,0,300,0.5,1700,0.5,0
1,3,398,1,0,500,0.6,1000,0.2,1400,0.2,1
1,4,64,1,0,500,0.6,1000,0.2,1400,0.2,2
1,5,92,0,0,300,0.5,1700,0.5,0
1,6,590,0,0,500,0.6,1000,0.2,1400,0.2,2
1,7,948,1,0,500,0.6,1000,0.2,1400,0.2,2
1,8,317,0,0,300,0.5,1700,0.5,2
1,9,609,1,0,300,0.5,1700,0.5,1
2,0,635,2,10,5,0,500,0.6,1000,0.2,1400,0.2,2
2,1,544,2,10,5,0,500,0.6,1000,0.2,1400,0.2,1
2,2,959,1,0,500,0.6,1000,0.2,1400,0.2,1
2,3,885,2,10,5,0,300,0.5,1700,0.5,2
2,4,611,1,0,500,0.6,1000,0.2,1400,0.2,1
2,5,368,1,0,500,0.6,1000,0.2,1400,0.2,1
2,6,639,0,0,300,0.5,1700,0.5,2
2,7,651,0,0,300,0.5,1700,0.5,1
2,8,511,2,10,5,0,300,0.5,1700,0.5,1
2,9,641,2,10,5,0,500,0.6,1000,0.2,1400,0.2,2
3,0,685,1,0,300,0.5,1700,0.5,0
3,1,773,2,10,5,0,500,0.6,1000,0.2,1400,0.2,1
3,2,756,0,0,300,0.5,1700,0.5,2
3,3,237,0,0,300,0.5,1700,0.5,2
3,4,166,1,0,300,0.5,1700,0.5,1
3,5,303,1,0,500,0.6,1000,0.2,1400,0.2,1
3,6,507,0,0,500,0.6,1000,0.2,1400,0.2,1
3,7,962,1,0,500,0.6,1000,0.2,1400,0.2,1
3,8,262,1,0,300,0.5,1700,0.5,2
3,9,382,0,0,300,0.5,1700,0.5,2
4,0,989,2,10,5,0,300,0.5,1700,0.5,1
4,1,455,0,0,300,0.5,1700,0.5,2
4,2,646,1,0,300,0.5,1700,0.5,2
4,3,888,1,0,300,0.5,1700,0.5,2
4,4,284,0,0,300,0.5,1700,0.5,1
4,5,105,0,0,500,0.6,1000,0.2,1400,0.2,2
4,6,906,0,0,300,0.5,1700,0.5,1
4,7,179,0,0,500,0.6,1000,0.2,1400,0.2,0
4,8,759,2,10,5,0,300,0.5,1700,0.5,0
4,9,285,1,0,300,0.5,1700,0.5,1
5,0,850,2,10,5,0,300,0.5,1700,0.5,0
5,1,791,0,0,500,0.6,1000,0.2,1400,0.2,2
5,2,148,1,0,500,0.6,1000,0.2,1400,0.2,1
5,3,833,0,0,300,0.5,1700,0.5,2
5,4,755,0,0,500,0.6,1000,0.2,1400,0.2,1
5,5,92,1,0,500,0.6,1000,0.2,1400,0.2,1
5,6,455,2,10,5,0,500,0.6,1000,0.2,1400,0.2,1
5,7,74,2,10,5,0,500,0.6,1000,0.2,1400,0.2,2
5,8,747,0,0,500,0.6,1000,0.2,1400,0.2,0
5,9,576,0,0,300,0.5,1700,0.5,1
6,0,537,1,0,300,0.5,1700,0.5,2
6,1,685,2,10,5,0,500,0.6,1000,0.2,1400,0.2,2
6,2,751,1,0,300,0.5,1700,0.5,2
6,3,121,2,10,5,0,500,0.6,1000,0.2,1400,0.2,0
6,4,519,1,0,300,0.5,1700,0.5,2
6,5,165,2,10,5,0,500,0.6,1000,0.2,1400,0.2,1
6,6,235,1,0,300,0.5,1700,0.5,1
6,7,958,2,10,5,0,300,0.5,1700,0.5,0
6,8,434,2,10,5,0,500,0.6,1000,0.2,1400,0.2,2
6,9,349,2,10,5,0,300,0.5,1700,0.5,0
7,0,540,2,10,5,0,500,0.6,1000,0.2,1400,0.2,2
7,1,320,2,10,5,0,500,0.6,1000,0.2,1400,0.2,0
7,2,477,2,10,5,0,300,0.5,1700,0.5,0
7,3,238,0,0,500,0.6,1000,0.2,1400,0.2,1
7,4,428,2,10,5,0,300,0.5,1700,0.5,1
7,5,659,0,0,300,0.5,1700,0.5,2
7,6,474,1,0,500,0.6,1000,0.2,1400,0.2,2
7,7,536,2,10,5,0,300,0.5,1700,0.5,2
7,8,657,1,0,500,0.6,1000,0.2,1400,0.2,1
7,9,188,2,10,5,0,300,0.5,1700,0.5,2
8,0,645,0,0,300,0.5,1700,0.5,0
8,1,905,1,0,300,0.5,1700,0.5,2
8,2,502,0,0,500,0.6,1000,0.2,1400,0.2,2
8,3,197,1,0,300,0.5,1700,0.5,1
8,4,888,2,10,5,0,300,0.5,1700,0.5,0
8,5,943,0,0,500,0.6,1000,0.2,1400,0.2,2
8,6,578,1,0,500,0.6,1000,0.2,1400,0.2,1
8,7,157,1,0,300,0.5,1700,0.5,1
8,8,483,0,0,500,0.6,1000,0.2,1400,0.2,1
8,9,670,0,0,500,0.6,1000,0.2,1400,0.2,0
9,0,217,1,0,500,0.6,1000,0.2,1400,0.2,1
9,1,523,1,0,300,0.5,1700,0.5,1
9,2,267,2,10,5,0,500,0.6,1000,0.2,1400,0.2,1
9,3,741,2,10,5,0,300,0.5,1700,0.5,2
9,4,869,1,0,500,0.6,1000,0.2,1400,0.2,1
9,5,604,2,10,5,0,500,0.6,1000,0.2,1400,0.2,2
9,6,140,2,10,5,0,300,0.5,1700,0.5,2
9,7,523,0,0,300,0.5,1700,0.5,1
9,8,132,0,0,500,0.6,1000,0.2,1400,0.2,2
9,9,92,1,0,300,0.5,1700,0.5,1
