0,0,317,0,0,500,0.6,1000,0.2,1400,0.2,0
0,1,619,1,0,300,0.5,1700,0.5,0
0,2,559,0,0,500,0.6,1000,0.2,1400,0.2,1
0,3,796,2,10,5,0,500,0.6,1000,0.2,1400,0.2,1
0,4,122,0,0,300,0.5,1700,0.5,1
0,5,709,1,0,300,0.5,1700,0.5,0
0,6,607,0,0,500,0.6,1000,0.2,1400,0.2,0
0,7,957,2,10,5,0,300,0.5,1700,0.5,1
0,8,759,0,0,500,0.6,1000,0.2,1400,0.2,0
0,9,69,1,0,300,0.5,1700,0.5,0
1,0,158,2,10,5,0,300,0.5,1700,0.5,0
1,1,457,2,10,5,0,300,0.5,1700,0.5,2
1,2,273,2,10,5,0,500,0.6,1000,0.2,1400,0.2,1
1,3,593,2,10,5,0,300,0.5,1700,0.5,1
1,4,593,1,0,300,0.5,1700,0.5,0
1,5,998,2,10,5,0,500,0.6,1000,0.2,1400,0.2,2
1,6,469,0,0,500,0.6,1000,0.2,1400,0.2,1
1,7,255,0,0,500,0.6,1000,0.2,1400,0.2,1
1,8,171,2,10,5,0,300,0.5,1700,0.5,0
1,9,901,0,0,500,0.6,1000,0.2,1400,0.2,0
2,0,407,2,10,5,0,300,0.5,1700,0.5,1
2,1,738,1,0,300,0.5,1700,0.5,0
2,2,199,2,10,5,0,500,0.6,1000,0.2,1400,0.2,0
2,3,274,0,0,500,0.6,1000,0.2,1400,0.2,1
2,4,92,1,0,300,0.5,1700,0.5,2
2,5,984,2,10,5,0,300,0.5,1700,0.5,1
2,6,483,2,10,5,0,300,0.5,1700,0.5,0
2,7,657,0,0,300,0.5,1700,0.5,0
2,8,260,0,0,500,0.6,1000,0.2,1400,0.2,1
2,9,81,0,0,300,0.5,1700,0.5,2
3,0,131,0,0,300,0.5,1700,0.5,2
3,1,359,0,0,300,0.5,1700,0.5,0
3,2,576,0,0,500,0.6,1000,0.2,1400,0.2,0
3,3,567,1,0,300,0.5,1700,0.5,2
3,4,210,2,10,5,0,300,0.5,1700,0.5,0
3,5,440,0,0,300,0.5,1700,0.5,2
3,6,443,1,0,300,0.5,1700,0.5,0
3,7,804,2,10,5,0,500,0.6,1000,0.2,1400,0.2,2
3,8,110,2,10,5,0,300,0.5,1700,0.5,0
3,9,398,1,0,500,0.6,1000,0.2,1400,0.2,1
4,0,228,2,10,5,0,500,0.6,1000,0.2,1400,0.2,1
4,1,835,2,10,5,0,500,0.6,1000,0.2,1400,0.2,2
4,2,98,2,10,5,0,300,0.5,1700,0.5,2
4,3,779,2,10,5,0,300,0.5,1700,0.5,1
4,4,1000,0,0,300,0.5,1700,0.5,2
4,5,867,2,10,5,0,500,0.6,1000,0.2,1400,0.2,0
4,6,75,2,10,5,0,500,0.6,1000,0.2,1400,0.2,0
4,7,34,0,0,300,0.5,1700,0.5,2
4,8,35,0,0,500,0.6,1000,0.2,1400,0.2,2
4,9,835,2,10,5,0,300,0.5,1700,0.5,0
5,0,295,2,10,5,0,300,0.5,1700,0.5,0
5,1,584,1,0,500,0.6,1000,0.2,1400,0.2,0
5,2,139,0,0,300,0.5,1700,0.5,1
5,3,486,2,10,5,0,500,0.6,1000,0.2,1400,0.2,1
5,4,504,1,0,500,0.6,1000,0.2,1400,0.2,2
5,5,428,2,10,5,0,500,0.6,1000,0.2,1400,0.2,2
5,6,249,0,0,300,0.5,1700,0.5,2
5,7,612,0,0,300,0.5,1700,0.5,1
5,8,591,1,0,300,0.5,1700,0.5,0
5,9,658,0,0,500,0.6,1000,0.2,1400,0.2,0
6,0,763,1,0,300,0.5,1700,0.5,1
6,1,74,2,10,5,0,500,0.6,1000,0.2,1400,0.2,2
6,2,597,1,0,500,0.6,1000,0.2,1400,0.2,2
6,3,393,0,0,300,0.5,1700,0.5,2
6,4,830,1,0,300,0.5,1700,0.5,0
6,5,128,2,10,5,0,500,0.6,1000,0.2,1400,0.2,0
6,6,232,0,0,500,0.6,1000,0.2,1400,0.2,1
6,7,730,2,10,5,0,500,0.6,1000,0.2,1400,0.2,2
6,8,39,0,0,500,0.6,1000,0.2,1400,0.2,2
6,9,736,1,0,500,0.6,1000,0.2,1400,0.2,0
7,0,350,1,0,500,0.6,1000,0.2,1400,0.2,2
7,1,953,0,0,500,0.6,1000,0.2,1400,0.2,0
7,2,941,2,10,5,0,500,0.6,1000,0.2,1400,0.2,0
7,3,304,0,0,500,0.6,1000,0.2,1400,0.2,2
7,4,350,1,0,500,0.6,1000,0.2,1400,0.2,0
7,5,723,1,0,500,0.6,1000,0.2,1400,0.2,2
7,6,881,0,0,300,0.5,1700,0.5,0
7,7,67,0,0,300,0.5,1700,0.5,2
7,8,899,2,10,5,0,500,0.6,1000,0.2,1400,0.2,2
7,9,731,0,0,300,0.5,1700,0.5,0
8,0,395,1,0,300,0.5,1700,0.5,2
8,1,126,1,0,300,0.5,1700,0.5,0
8,2,301,0,0,300,0.5,1700,0.5,0
8,3,290,1,0,500,0.6,1000,0.2,1400,0.2,2
8,4,105,0,0,300,0.5,1700,0.5,0
8,5,932,1,0,300,0.5,1700,0.5,0
8,6,269,2,10,5,0,300,0.5,1700,0.5,1
8,7,357,2,10,5,0,500,0.6,1000,0.2,1400,0.2,2
8,8,826,0,0,300,0.5,1700,0.5,1
8,9,126,1,0,300,0.5,1700,0.5,0
9,0,523,0,0,500,0.6,1000,0.2,1400,0.2,0
9,1,405,0,0,300,0.5,1700,0.5,1
9,2,685,1,0,300,0.5,1700,0.5,1
9,3,738,2,10,5,0,500,0.6,1000,0.2,1400,0.2,1
9,4,999,0,0,500,0.6,1000,0.2,1400,0.2,2
9,5,301,2,10,5,0,500,0.6,1000,0.2,1400,0.2,2
9,6,907,0,0,300,0.5,1700,0.5,1
9,7,83,1,0,300,0.5,1700,0.5,2
9,8,785,2,10,5,0,300,0.5,1700,0.5,2
9,9,89,0,0,300,0.5,1700,0.5,2
