0,0,951,1,0,300,0.5,1700,0.5,0
0,1,863,1,0,500,0.6,1000,0.2,1400,0.2,0
0,2,956,1,0,300,0.5,1700,0.5,1
0,3,103,1,0,500,0.6,1000,0.2,1400,0.2,0
0,4,995,2,10,5,0,300,0.5,1700,0.5,0
0,5,463,1,0,300,0.5,1700,0.5,2
0,6,18,0,0,300,0.5,1700,0.5,1
0,7,907,2,10,5,0,500,0.6,1000,0.2,1400,0.2,0
0,8,801,0,0,500,0.6,1000,0.2,1400,0.2,1
0,9,790,1,0,300,0.5,1700,0.5,2
1,0,799,1,0,300,0.5,1700,0.5,1
1,1,404,0,0,500,0.6,1000,0.2,1400,0.2,1
1,2,108,1,0,300,0.5,1700,0.5,0
1,3,546,1,0,300,0.5,1700,0.5,0
1,4,513,1,0,300,0.5,1700,0.5,1
1,5,504,0,0,300,0.5,1700,0.5,2
1,6,223,1,0,500,0.6,1000,0.2,1400,0.2,1
1,7,716,0,0,500,0.6,1000,0.2,1400,0.2,2
1,8,461,0,0,300,0.5,1700,0.5,2
1,9,295,0,0,500,0.6,1000,0.2,1400,0.2,0
2,0,928,0,0,500,0.6,1000,0.2,1400,0.2,2
2,1,24,2,10,5,0,500,0.6,1000,0.2,1400,0.2,1
2,2,309,2,10,5,0,500,0.6,1000,0.2,1400,0.2,2
2,3,167,0,0,300,0.5,1700,0.5,1
2,4,169,0,0,300,0.5,1700,0.5,1
2,5,387,2,10,5,0,500,0.6,1000,0.2,1400,0.2,1
2,6,174,0,0,500,0.6,1000,0.2,1400,0.2,1
2,7,390,2,10,5,0,500,0.6,1000,0.2,1400,0.2,2
2,8,570,2,10,5,0,500,0.6,1000,0.2,1400,0.2,1
2,9,546,2,10,5,0,300,0.5,1700,0.5,0
3,0,26,1,0,300,0.5,1700,0.5,2
3,1,34,0,0,300,0.5,1700,0.5,1
3,2,146,2,10,5,0,300,0.5,1700,0.5,0
3,3,780,2,10,5,0,500,0.6,1000,0.2,1400,0.2,1
3,4,250,2,10,5,0,300,0.5,1700,0.5,1
3,5,229,1,0,300,0.5,1700,0.5,0
3,6,783,0,0,300,0.5,1700,0.5,0
3,7,640,0,0,500,0.6,1000,0.2,1400,0.2,2
3,8,343,0,0,300,0.5,1700,0.5,0
3,9,131,1,0,300,0.5,1700,0.5,1
4,0,34,2,10,5,0,500,0.6,1000,0.2,1400,0.2,2
4,1,977,2,10,5,0,300,0.5,1700,0.5,1
4,2,130,0,0,500,0.6,1000,0.2,1400,0.2,2
4,3,54,2,10,5,0,500,0.6,1000,0.2,1400,0.2,2
4,4,457,0,0,500,0.6,1000,0.2,1400,0.2,2
4,5,818,0,0,500,0.6,1000,0.2,1400,0.2,2
4,6,406,0,0,500,0.6,1000,0.2,1400,0.2,1
4,7,189,1,0,300,0.5,1700,0.5,2
4,8,277,2,10,5,0,300,0.5,1700,0.5,2
4,9,589,2,10,5,0,500,0.6,1000,0.2,1400,0.2,2
5,0,429,1,0,300,0.5,1700,0.5,2
5,1,812,1,0,500,0.6,1000,0.2,1400,0.2,0
5,2,397,2,10,5,0,500,0.6,1000,0.2,1400,0.2,1
5,3,202,1,0,300,0.5,1700,0.5,0
5,4,76,0,0,300,0.5,1700,0.5,0
5,5,10,2,10,5,0,500,0.6,1000,0.2,1400,0.2,1
5,6,505,2,10,5,0,300,0.5,1700,0.5,2
5,7,790,1,0,500,0.6,1000,0.2,1400,0.2,0
5,8,618,2,10,5,0,300,0.5,1700,0.5,2
5,9,152,0,0,300,0.5,1700,0.5,2
6,0,812,2,10,5,0,300,0.5,1700,0.5,0
6,1,126,1,0,300,0.5,1700,0.5,0
6,2,327,2,10,5,0,300,0.5,1700,0.5,0
6,3,997,1,0,300,0.5,1700,0.5,0
6,4,497,2,10,5,0,300,0.5,1700,0.5,1
6,5,64,2,10,5,0,500,0.6,1000,0.2,1400,0.2,0
6,6,301,0,0,500,0.6,1000,0.2,1400,0.2,1
6,7,266,1,0,300,0.5,1700,0.5,0
6,8,442,0,0,500,0.6,1000,0.2,1400,0.2,2
6,9,771,2,10,5,0,300,0.5,1700,0.5,0
7,0,670,2,10,5,0,500,0.6,1000,0.2,1400,0.2,0
7,1,719,0,0,300,0.5,1700,0.5,2
7,2,581,1,0,300,0.5,1700,0.5,0
7,3,761,1,0,300,0.5,1700,0.5,0
7,4,710,1,0,500,0.6,1000,0.2,1400,0.2,2
7,5,205,1,0,300,0.5,1700,0.5,1
7,6,806,0,0,300,0.5,1700,0.5,1
7,7,583,2,10,5,0,300,0.5,1700,0.5,2
7,8,670,1,0,300,0.5,1700,0.5,1
7,9,222,2,10,5,0,500,0.6,1000,0.2,1400,0.2,2
8,0,865,1,0,300,0.5,1700,0.5,0
8,1,639,0,0,500,0.6,1000,0.2,1400,0.2,1
8,2,829,2,10,5,0,500,0.6,1000,0.2,1400,0.2,1
8,3,671,2,10,5,0,500,0.6,1000,0.2,1400,0.2,0
8,4,759,0,0,300,0.5,1700,0.5,2
8,5,503,1,0,500,0.6,1000,0.2,1400,0.2,2
8,6,822,0,0,300,0.5,1700,0.5,2
8,7,806,1,0,300,0.5,1700,0.5,2
8,8,107,2,10,5,0,500,0.6,1000,0.2,1400,0.2,1
8,9,807,1,0,300,0.5,1700,0.5,1
9,0,808,0,0,300,0.5,1700,0.5,1
9,1,575,1,0,500,0.6,1000,0.2,1400,0.2,2
9,2,226,2,10,5,0,500,0.6,1000,0.2,1400,0.2,0
9,3,486,2,10,5,0,300,0.5,1700,0.5,0
9,4,158,1,0,500,0.6,1000,0.2,1400,0.2,0
9,5,294,1,0,300,0.5,1700,0.5,2
9,6,563,0,0,500,0.6,1000,0.2,1400,0.2,1
9,7,909,1,0,300,0.5,1700,0.5,1
9,8,495,0,0,300,0.5,1700,0.5,0
9,9,19,0,0,500,0.6,1000,0.2,1400,0.2,1
