0,0,59,2,10,5,0,300,0.5,1700,0.5,1
0,1,650,0,0,500,0.6,1000,0.2,1400,0.2,2
0,2,180,0,0,300,0.5,1700,0.5,2
0,3,803,1,0,500,0.6,1000,0.2,1400,0.2,1
0,4,460,2,10,5,0,500,0.6,1000,0.2,1400,0.2,2
0,5,418,0,0,300,0.5,1700,0.5,1
0,6,789,1,0,300,0.5,1700,0.5,0
0,7,442,2,10,5,0,300,0.5,1700,0.5,0
0,8,896,0,0,300,0.5,1700,0.5,2
0,9,502,1,0,300,0.5,1700,0.5,1
1,0,307,0,0,500,0.6,1000,0.2,1400,0.2,0
1,1,634,1,0,300,0.5,1700,0.5,0
1,2,988,2,10,5,0,300,0.5,1700,0.5,1
1,3,134,1,0,500,0.6,1000,0.2,1400,0.2,2
1,4,225,2,10,5,0,500,0.6,1000,0.2,1400,0.2,0
1,5,564,2,10,5,0,300,0.5,1700,0.5,2
1,6,491,1,0,300,0.5,1700,0.5,2
1,7,623,0,0,500,0.6,1000,0.2,1400,0.2,1
1,8,526,0,0,300,0.5,1700,0.5,1
1,9,771,1,0,500,0.6,1000,0.2,1400,0.2,0
2,0,374,0,0,300,0.5,1700,0.5,0
2,1,380,0,0,300,0.5,1700,0.5,2
2,2,764,1,0,500,0.6,1000,0.2,1400,0.2,0
2,3,587,0,0,500,0.6,1000,0.2,1400,0.2,0
2,4,388,1,0,300,0.5,1700,0.5,2
2,5,744,1,0,500,0.6,1000,0.2,1400,0.2,0
2,6,807,1,0,300,0.5,1700,0.5,2
2,7,24,1,0,500,0.6,1000,0.2,1400,0.2,0
2,8,691,0,0,300,0.5,1700,0.5,2
2,9,861,1,0,500,0.6,1000,0.2,1400,0.2,1
3,0,117,0,0,300,0.5,1700,0.5,1
3,1,428,1,0,300,0.5,1700,0.5,1
3,2,682,1,0,300,0.5,1700,0.5,2
3,3,717,1,0,300,0.5,1700,0.5,0
3,4,377,2,10,5,0,300,0.5,1700,0.5,0
3,5,841,1,0,500,0.6,1000,0.2,1400,0.2,1
3,6,746,1,0,500,0.6,1000,0.2,1400,0.2,1
3,7,355,0,0,500,0.6,1000,0.2,1400,0.2,0
3,8,165,1,0,300,0.5,1700,0.5,2
3,9,738,2,10,5,0,500,0.6,1000,0.2,1400,0.2,0
4,0,706,0,0,300,0.5,1700,0.5,0
4,1,508,0,0,300,0.5,1700,0.5,2
4,2,894,1,0,500,0.6,1000,0.2,1400,0.2,1
4,3,539,0,0,300,0.5,1700,0.5,2
4,4,69,1,0,500,0.6,1000,0.2,1400,0.2,2
4,5,973,0,0,500,0.6,1000,0.2,1400,0.2,0
4,6,43,0,0,300,0.5,1700,0.5,0
4,7,209,2,10,5,0,300,0.5,1700,0.5,0
4,8,313,0,0,300,0.5,1700,0.5,1
4,9,523,1,0,300,0.5,1700,0.5,1
5,0,589,0,0,500,0.6,1000,0.2,1400,0.2,0
5,1,245,0,0,500,0.6,1000,0.2,1400,0.2,0
5,2,48,1,0,300,0.5,1700,0.5,0
5,3,698,0,0,500,0.6,1000,0.2,1400,0.2,1
5,4,260,1,0,300,0.5,1700,0.5,0
5,5,418,1,0,300,0.5,1700,0.5,0
5,6,48,1,0,500,0.6,1000,0.2,1400,0.2,1
5,7,647,0,0,300,0.5,1700,0.5,1
5,8,532,1,0,300,0.5,1700,0.5,2
5,9,628,0,0,300,0.5,1700,0.5,2
6,0,68,0,0,300,0.5,1700,0.5,1
6,1,978,1,0,500,0.6,1000,0.2,1400,0.2,2
6,2,580,1,0,300,0.5,1700,0.5,2
6,3,463,2,10,5,0,300,0.5,1700,0.5,1
6,4,386,0,0,300,0.5,1700,0.5,2
6,5,674,1,0,500,0.6,1000,0.2,1400,0.2,0
6,6,843,1,0,500,0.6,1000,0.2,1400,0.2,0
6,7,998,2,10,5,0,300,0.5,1700,0.5,0
6,8,567,0,0,300,0.5,1700,0.5,0
6,9,317,0,0,500,0.6,1000,0.2,1400,0.2,0
7,0,99,1,0,300,0.5,1700,0.5,2
7,1,824,1,0,300,0.5,1700,0.5,2
7,2,778,2,10,5,0,500,0.6,1000,0.2,1400,0.2,1
7,3,78,2,10,5,0,300,0.5,1700,0.5,1
7,4,738,1,0,300,0.5,1700,0.5,2
7,5,347,2,10,5,0,500,0.6,1000,0.2,1400,0.2,2
7,6,858,0,0,300,0.5,1700,0.5,0
7,7,970,0,0,500,0.6,1000,0.2,1400,0.2,1
7,8,276,0,0,500,0.6,1000,0.2,1400,0.2,1
7,9,815,2,10,5,0,300,0.5,1700,0.5,1
8,0,755,1,0,300,0.5,1700,0.5,2
8,1,501,0,0,300,0.5,1700,0.5,2
8,2,620,0,0,500,0.6,1000,0.2,1400,0.2,2
8,3,358,1,0,300,0.5,1700,0.5,1
8,4,235,0,0,300,0.5,1700,0.5,1
8,5,577,2,10,5,0,300,0.5,1700,0.5,1
8,6,806,0,0,300,0.5,1700,0.5,1
8,7,317,1,0,300,0.5,1700,0.5,0
8,8,686,1,0,300,0.5,1700,0.5,1
8,9,777,1,0,300,0.5,1700,0.5,1
9,0,427,0,0,500,0.6,1000,0.2,1400,0.2,0
9,1,978,2,10,5,0,500,0.6,1000,0.2,1400,0.2,2
9,2,224,1,0,500,0.6,1000,0.2,1400,0.2,1
9,3,384,2,10,5,0,300,0.5,1700,0.5,1
9,4,468,0,0,300,0.5,1700,0.5,1
9,5,925,0,0,300,0.5,1700,0.5,0
9,6,473,2,10,5,0,300,0.5,1700,0.5,2
9,7,482,1,0,300,0.5,1700,0.5,0
9,8,393,1,0,300,0.5,1700,0.5,1
9,9,168,0,0,300,0.5,1700,0.5,0
