0,0,783,2,10,5,0,500,0.6,1000,0.2,1400,0.2,2
0,1,729,1,0,300,0.5,1700,0.5,2
0,2,509,0,0,500,0.6,1000,0.2,1400,0.2,1
0,3,151,2,10,5,0,500,0.6,1000,0.2,1400,0.2,2
0,4,983,2,10,5,0,300,0.5,1700,0.5,0
0,5,569,0,0,500,0.6,1000,0.2,1400,0.2,1
0,6,300,0,0,300,0.5,1700,0.5,0
0,7,216,2,10,5,0,500,0.6,1000,0.2,1400,0.2,1
0,8,854,2,10,5,0,300,0.5,1700,0.5,2
0,9,12,0,0,500,0.6,1000,0.2,1400,0.2,2
1,0,217,0,0,500,0.6,1000,0.2,1400,0.2,0
1,1,725,0,0,300,0.5,1700,0.5,1
1,2,115,0,0,500,0.6,1000,0.2,1400,0.2,0
1,3,807,1,0,300,0.5,1700,0.5,0
1,4,991,1,0,300,0.5,1700,0.5,1
1,5,169,1,0,500,0.6,1000,0.2,1400,0.2,2
1,6,524,0,0,300,0.5,1700,0.5,1
1,7,566,0,0,300,0.5,1700,0.5,2
1,8,888,0,0,300,0.5,1700,0.5,2
1,9,55,2,10,5,0,500,0.6,1000,0.2,1400,0.2,1
2,0,308,1,0,500,0.6,1000,0.2,1400,0.2,0
2,1,876,0,0,500,0.6,1000,0.2,1400,0.2,2
2,2,457,0,0,500,0.6,1000,0.2,1400,0.2,0
2,3,997,0,0,300,0.5,1700,0.5,2
2,4,304,2,10,5,0,500,0.6,1000,0.2,1400,0.2,0
2,5,456,2,10,5,0,300,0.5,1700,0.5,1
2,6,131,0,0,300,0.5,1700,0.5,1
2,7,917,1,0,500,0.6,1000,0.2,1400,0.2,0
2,8,194,1,0,500,0.6,1000,0.2,1400,0.2,0
2,9,467,0,0,500,0.6,1000,0.2,1400,0.2,1
3,0,152,1,0,300,0.5,1700,0.5,1
3,1,600,0,0,500,0.6,1000,0.2,1400,0.2,2
3,2,554,2,10,5,0,300,0.5,1700,0.5,0
3,3,719,0,0,500,0.6,1000,0.2,1400,0.2,0
3,4,272,2,10,5,0,300,0.5,1700,0.5,1
3,5,809,2,10,5,0,300,0.5,1700,0.5,0
3,6,192,1,0,300,0.5,1700,0.5,0
3,7,492,1,0,500,0.6,1000,0.2,1400,0.2,1
3,8,821,2,10,5,0,500,0.6,1000,0.2,1400,0.2,0
3,9,173,0,0,300,0.5,1700,0.5,2
4,0,596,0,0,300,0.5,1700,0.5,2
4,1,32,0,0,300,0.5,1700,0.5,1
4,2,885,0,0,300,0.5,1700,0.5,2
4,3,924,0,0,500,0.6,1000,0.2,1400,0.2,2
4,4,582,1,0,300,0.5,1700,0.5,0
4,5,148,1,0,300,0.5,1700,0.5,2
4,6,840,0,0,500,0.6,1000,0.2,1400,0.2,0
4,7,727,2,10,5,0,300,0.5,1700,0.5,0
4,8,66,1,0,300,0.5,1700,0.5,0
4,9,718,1,0,300,0.5,1700,0.5,0
5,0,942,0,0,300,0.5,1700,0.5,1
5,1,229,2,10,5,0,300,0.5,1700,0.5,2
5,2,777,1,0,300,0.5,1700,0.5,0
5,3,274,1,0,300,0.5,1700,0.5,1
5,4,520,1,0,500,0.6,1000,0.2,1400,0.2,0
5,5,209,0,0,500,0.6,1000,0.2,1400,0.2,0
5,6,662,2,10,5,0,500,0.6,1000,0.2,1400,0.2,0
5,7,910,2,10,5,0,300,0.5,1700,0.5,0
5,8,359,0,0,500,0.6,1000,0.2,1400,0.2,2
5,9,886,2,10,5,0,500,0.6,1000,0.2,1400,0.2,2
6,0,656,2,10,5,0,500,0.6,1000,0.2,1400,0.2,1
6,1,634,0,0,300,0.5,1700,0.5,1
6,2,606,1,0,500,0.6,1000,0.2,1400,0.2,0
6,3,104,1,0,500,0.6,1000,0.2,1400,0.2,1
6,4,912,1,0,300,0.5,1700,0.5,2
6,5,85,0,0,500,0.6,1000,0.2,1400,0.2,2
6,6,937,0,0,300,0.5,1700,0.5,0
6,7,942,0,0,500,0.6,1000,0.2,1400,0.2,0
6,8,324,0,0,300,0.5,1700,0.5,2
6,9,21,1,0,300,0.5,1700,0.5,1
7,0,325,0,0,300,0.5,1700,0.5,0
7,1,131,1,0,300,0.5,1700,0.5,0
7,2,735,0,0,500,0.6,1000,0.2,1400,0.2,2
7,3,327,0,0,300,0.5,1700,0.5,1
7,4,852,0,0,300,0.5,1700,0.5,1
7,5,590,2,10,5,0,300,0.5,1700,0.5,2
7,6,44,0,0,300,0.5,1700,0.5,1
7,7,411,1,0,300,0.5,1700,0.5,1
7,8,836,2,10,5,0,300,0.5,1700,0.5,2
7,9,81,0,0,500,0.6,1000,0.2,1400,0.2,1
8,0,683,2,10,5,0,300,0.5,1700,0.5,1
8,1,472,0,0,300,0.5,1700,0.5,2
8,2,528,0,0,300,0.5,1700,0.5,0
8,3,91,0,0,500,0.6,1000,0.2,1400,0.2,1
8,4,857,2,10,5,0,300,0.5,1700,0.5,0
8,5,252,2,10,5,0,300,0.5,1700,0.5,1
8,6,750,1,0,500,0.6,1000,0.2,1400,0.2,1
8,7,99,1,0,300,0.5,1700,0.5,0
8,8,313,2,10,5,0,500,0.6,1000,0.2,1400,0.2,0
8,9,467,1,0,300,0.5,1700,0.5,2
9,0,958,2,10,5,0,300,0.5,1700,0.5,1
9,1,490,2,10,5,0,500,0.6,1000,0.2,1400,0.2,1
9,2,524,2,10,5,0,300,0.5,1700,0.5,0
9,3,469,1,0,300,0.5,1700,0.5,0
9,4,327,2,10,5,0,300,0.5,1700,0.5,0
9,5,47,0,0,500,0.6,1000,0.2,1400,0.2,0
9,6,940,2,10,5,0,500,0.6,1000,0.2,1400,0.2,2
9,7,373,2,10,5,0,500,0.6,1000,0.2,1400,0.2,2
9,8,353,2,10,5,0,500,0.6,1000,0.2,1400,0.2,1
9,9,762,0,0,500,0.6,1000,0.2,1400,0.2,1
