0,0,830,1,0,300,0.5,1700,0.5,0
0,1,623,1,0,500,0.6,1000,0.2,1400,0.2,1
0,2,221,1,0,300,0.5,1700,0.5,1
0,3,241,2,10,5,0,500,0.6,1000,0.2,1400,0.2,1
0,4,815,1,0,300,0.5,1700,0.5,1
0,5,480,1,0,500,0.6,1000,0.2,1400,0.2,2
0,6,454,0,0,300,0.5,1700,0.5,2
0,7,271,2,10,5,0,500,0.6,1000,0.2,1400,0.2,2
0,8,722,2,10,5,0,500,0.6,1000,0.2,1400,0.2,1
0,9,954,2,10,5,0,500,0.6,1000,0.2,1400,0.2,2
1,0,493,2,10,5,0,300,0.5,1700,0.5,2
1,1,869,1,0,500,0.6,1000,0.2,1400,0.2,2
1,2,435,1,0,500,0.6,1000,0.2,1400,0.2,0
1,3,924,1,0,300,0.5,1700,0.5,1
1,4,992,2,10,5,0,500,0.6,1000,0.2,1400,0.2,2
1,5,530,2,10,5,0,300,0.5,1700,0.5,2
1,6,395,1,0,500,0.6,1000,0.2,1400,0.2,2
1,7,488,1,0,500,0.6,1000,0.2,1400,0.2,1
1,8,803,2,10,5,0,300,0.5,1700,0.5,1
1,9,770,0,0,500,0.6,1000,0.2,1400,0.2,1
2,0,262,0,0,300,0.5,1700,0.5,0
2,1,278,2,10,5,0,300,0.5,1700,0.5,1
2,2,300,1,0,500,0.6,1000,0.2,1400,0.2,1
2,3,940,0,0,500,0.6,1000,0.2,1400,0.2,0
2,4,898,2,10,5,0,300,0.5,1700,0.5,1
2,5,361,1,0,500,0.6,1000,0.2,1400,0.2,1
2,6,372,0,0,500,0.6,1000,0.2,1400,0.2,0
2,7,447,2,10,5,0,500,0.6,1000,0.2,1400,0.2,0
2,8,223,2,10,5,0,300,0.5,1700,0.5,0
2,9,709,1,0,500,0.6,1000,0.2,1400,0.2,1
3,0,428,1,0,500,0.6,1000,0.2,1400,0.2,1
3,1,423,2,10,5,0,300,0.5,1700,0.5,2
3,2,393,0,0,300,0.5,1700,0.5,2
3,3,225,2,10,5,0,500,0.6,1000,0.2,1400,0.2,0
3,4,19,2,10,5,0,500,0.6,1000,0.2,1400,0.2,0
3,5,338,1,0,500,0.6,1000,0.2,1400,0.2,1
3,6,939,1,0,500,0.6,1000,0.2,1400,0.2,0
3,7,911,2,10,5,0,500,0.6,1000,0.2,1400,0.2,0
3,8,870,2,10,5,0,300,0.5,1700,0.5,0
3,9,180,2,10,5,0,300,0.5,1700,0.5,1
4,0,571,0,0,300,0.5,1700,0.5,2
4,1,276,0,0,500,0.6,1000,0.2,1400,0.2,0
4,2,574,1,0,500,0.6,1000,0.2,1400,0.2,2
4,3,607,0,0,300,0.5,1700,0.5,1
4,4,318,1,0,300,0.5,1700,0.5,1
4,5,948,2,10,5,0,500,0.6,1000,0.2,1400,0.2,2
4,6,740,1,0,300,0.5,1700,0.5,2
4,7,529,0,0,500,0.6,1000,0.2,1400,0.2,1
4,8,595,1,0,500,0.6,1000,0.2,1400,0.2,1
4,9,377,0,0,300,0.5,1700,0.5,1
5,0,538,0,0,300,0.5,1700,0.5,2
5,1,90,0,0,300,0.5,1700,0.5,2
5,2,289,0,0,300,0.5,1700,0.5,0
5,3,722,1,0,500,0.6,1000,0.2,1400,0.2,0
5,4,320,1,0,300,0.5,1700,0.5,2
5,5,678,1,0,500,0.6,1000,0.2,1400,0.2,2
5,6,872,0,0,300,0.5,1700,0.5,2
5,7,300,2,10,5,0,300,0.5,1700,0.5,1
5,8,909,1,0,500,0.6,1000,0.2,1400,0.2,0
5,9,537,0,0,300,0.5,1700,0.5,1
6,0,767,0,0,300,0.5,1700,0.5,2
6,1,87,1,0,300,0.5,1700,0.5,2
6,2,756,1,0,500,0.6,1000,0.2,1400,0.2,2
6,3,213,2,10,5,0,500,0.6,1000,0.2,1400,0.2,2
6,4,925,0,0,300,0.5,1700,0.5,2
6,5,501,1,0,500,0.6,1000,0.2,1400,0.2,1
6,6,304,1,0,300,0.5,1700,0.5,0
6,7,652,1,0,300,0.5,1700,0.5,2
6,8,93,0,0,500,0.6,1000,0.2,1400,0.2,2
6,9,786,2,10,5,0,500,0.6,1000,0.2,1400,0.2,1
7,0,304,0,0,300,0.5,1700,0.5,1
7,1,907,0,0,300,0.5,1700,0.5,0
7,2,22,1,0,500,0.6,1000,0.2,1400,0.2,0
7,3,486,1,0,500,0.6,1000,0.2,1400,0.2,1
7,4,440,0,0,500,0.6,1000,0.2,1400,0.2,2
7,5,689,1,0,500,0.6,1000,0.2,1400,0.2,0
7,6,822,0,0,500,0.6,1000,0.2,1400,0.2,1
7,7,577,0,0,300,0.5,1700,0.5,1
7,8,69,0,0,300,0.5,1700,0.5,0
7,9,358,0,0,500,0.6,1000,0.2,1400,0.2,1
8,0,479,1,0,300,0.5,1700,0.5,0
8,1,878,1,0,300,0.5,1700,0.5,2
8,2,75,0,0,300,0.5,1700,0.5,2
8,3,278,0,0,300,0.5,1700,0.5,1
8,4,303,2,10,5,0,500,0.6,1000,0.2,1400,0.2,2
8,5,577,1,0,500,0.6,1000,0.2,1400,0.2,2
8,6,398,0,0,300,0.5,1700,0.5,1
8,7,651,1,0,500,0.6,1000,0.2,1400,0.2,2
8,8,406,0,0,500,0.6,1000,0.2,1400,0.2,2
8,9,889,1,0,500,0.6,1000,0.2,1400,0.2,0
9,0,628,2,10,5,0,300,0.5,1700,0.5,0
9,1,416,1,0,500,0.6,1000,0.2,1400,0.2,0
9,2,383,0,0,500,0.6,1000,0.2,1400,0.2,2
9,3,49,0,0,500,0.6,1000,0.2,1400,0.2,1
9,4,492,0,0,500,0.6,1000,0.2,1400,0.2,0
9,5,445,2,10,5,0,300,0.5,1700,0.5,0
9,6,871,0,0,500,0.6,1000,0.2,1400,0.2,0
9,7,461,1,0,500,0.6,1000,0.2,1400,0.2,0
9,8,69,0,0,500,0.6,1000,0.2,1400,0.2,0
9,9,938,1,0,500,0.6,1000,0.2,1400,0.2,2
