0,0,922,0,0,300,0.5,1700,0.5,2
0,1,72,0,0,300,0.5,1700,0.5,1
0,2,98,1,0,300,0.5,1700,0.5,0
0,3,583,2,10,5,0,300,0.5,1700,0.5,0
0,4,558,2,10,5,0,500,0.6,1000,0.2,1400,0.2,2
0,5,80,2,10,5,0,300,0.5,1700,0.5,1
0,6,316,0,0,300,0.5,1700,0.5,1
0,7,167,0,0,500,0.6,1000,0.2,1400,0.2,0
0,8,289,2,10,5,0,500,0.6,1000,0.2,1400,0.2,1
0,9,510,2,10,5,0,300,0.5,1700,0.5,0
1,0,506,0,0,500,0.6,1000,0.2,1400,0.2,0
1,1,545,0,0,300,0.5,1700,0.5,0
1,2,750,1,0,500,0.6,1000,0.2,1400,0.2,0
1,3,324,1,0,300,0.5,1700,0.5,1
1,4,996,2,10,5,0,300,0.5,1700,0.5,1
1,5,833,0,0,500,0.6,1000,0.2,1400,0.2,2
1,6,701,1,0,500,0.6,1000,0.2,1400,0.2,2
1,7,813,2,10,5,0,300,0.5,1700,0.5,1
1,8,416,2,10,5,0,500,0.6,1000,0.2,1400,0.2,0
1,9,585,1,0,300,0.5,1700,0.5,2
2,0,41,1,0,500,0.6,1000,0.2,1400,0.2,1
2,1,360,2,10,5,0,500,0.6,1000,0.2,1400,0.2,0
2,2,986,2,10,5,0,500,0.6,1000,0.2,1400,0.2,2
2,3,683,1,0,300,0.5,1700,0.5,1
2,4,544,2,10,5,0,500,0.6,1000,0.2,1400,0.2,1
2,5,688,1,0,500,0.6,1000,0.2,1400,0.2,1
2,6,714,0,0,300,0.5,1700,0.5,0
2,7,887,0,0,300,0.5,1700,0.5,0
2,8,778,2,10,5,0,300,0.5,1700,0.5,0
2,9,651,0,0,300,0.5,1700,0.5,2
3,0,936,0,0,300,0.5,1700,0.5,2
3,1,94,2,10,5,0,500,0.6,1000,0.2,1400,0.2,1
3,2,825,1,0,300,0.5,1700,0.5,1
3,3,235,0,0,300,0.5,1700,0.5,1
3,4,639,0,0,300,0.5,1700,0.5,2
3,5,899,1,0,300,0.5,1700,0.5,2
3,6,312,1,0,500,0.6,1000,0.2,1400,0.2,2
3,7,162,0,0,500,0.6,1000,0.2,1400,0.2,0
3,8,745,0,0,300,0.5,1700,0.5,0
3,9,135,1,0,500,0.6,1000,0.2,1400,0.2,2
4,0,816,1,0,500,0.6,1000,0.2,1400,0.2,0
4,1,239,0,0,500,0.6,1000,0.2,1400,0.2,2
4,2,762,0,0,500,0.6,1000,0.2,1400,0.2,2
4,3,379,1,0,500,0.6,1000,0.2,1400,0.2,2
4,4,701,2,10,5,0,500,0.6,1000,0.2,1400,0.2,1
4,5,627,1,0,300,0.5,1700,0.5,1
4,6,560,0,0,500,0.6,1000,0.2,1400,0.2,2
4,7,270,0,0,500,0.6,1000,0.2,1400,0.2,2
4,8,15,0,0,500,0.6,1000,0.2,1400,0.2,2
4,9,781,0,0,300,0.5,1700,0.5,1
5,0,389,1,0,300,0.5,1700,0.5,0
5,1,456,2,10,5,0,300,0.5,1700,0.5,0
5,2,880,1,0,300,0.5,1700,0.5,1
5,3,381,0,0,500,0.6,1000,0.2,1400,0.2,0
5,4,579,2,10,5,0,500,0.6,1000,0.2,1400,0.2,2
5,5,14,0,0,300,0.5,1700,0.5,2
5,6,29,2,10,5,0,300,0.5,1700,0.5,0
5,7,102,0,0,300,0.5,1700,0.5,0
5,8,402,0,0,500,0.6,1000,0.2,1400,0.2,1
5,9,835,2,10,5,0,500,0.6,1000,0.2,1400,0.2,1
6,0,51,0,0,500,0.6,1000,0.2,1400,0.2,1
6,1,869,1,0,500,0.6,1000,0.2,1400,0.2,1
6,2,868,2,10,5,0,300,0.5,1700,0.5,1
6,3,843,1,0,300,0.5,1700,0.5,1
6,4,283,2,10,5,0,300,0.5,1700,0.5,2
6,5,657,2,10,5,0,500,0.6,1000,0.2,1400,0.2,1
6,6,802,0,0,500,0.6,1000,0.2,1400,0.2,0
6,7,646,1,0,300,0.5,1700,0.5,0
6,8,136,0,0,300,0.5,1700,0.5,1
6,9,863,1,0,300,0.5,1700,0.5,2
7,0,262,2,10,5,0,500,0.6,1000,0.2,1400,0.2,1
7,1,709,2,10,5,0,300,0.5,1700,0.5,2
7,2,351,1,0,500,0.6,1000,0.2,1400,0.2,1
7,3,330,0,0,300,0.5,1700,0.5,0
7,4,675,0,0,500,0.6,1000,0.2,1400,0.2,2
7,5,530,2,10,5,0,500,0.6,1000,0.2,1400,0.2,1
7,6,422,1,0,500,0.6,1000,0.2,1400,0.2,2
7,7,584,0,0,300,0.5,1700,0.5,0
7,8,792,2,10,5,0,500,0.6,1000,0.2,1400,0.2,1
7,9,526,0,0,300,0.5,1700,0.5,0
8,0,310,2,10,5,0,500,0.6,1000,0.2,1400,0.2,1
8,1,361,1,0,500,0.6,1000,0.2,1400,0.2,0
8,2,287,2,10,5,0,500,0.6,1000,0.2,1400,0.2,0
8,3,551,1,0,500,0.6,1000,0.2,1400,0.2,0
8,4,128,0,0,500,0.6,1000,0.2,1400,0.2,0
8,5,727,1,0,300,0.5,1700,0.5,1
8,6,559,1,0,500,0.6,1000,0.2,1400,0.2,2
8,7,652,2,10,5,0,500,0.6,1000,0.2,1400,0.2,2
8,8,983,1,0,500,0.6,1000,0.2,1400,0.2,0
8,9,914,1,0,500,0.6,1000,0.2,1400,0.2,1
9,0,66,1,0,300,0.5,1700,0.5,0
9,1,134,0,0,300,0.5,1700,0.5,2
9,2,289,1,0,300,0.5,1700,0.5,2
9,3,671,2,10,5,0,300,0.5,1700,0.5,0
9,4,340,1,0,500,0.6,1000,0.2,1400,0.2,2
9,5,540,1,0,500,0.6,1000,0.2,1400,0.2,1
9,6,48,2,10,5,0,500,0.6,1000,0.2,1400,0.2,2
9,7,647,2,10,5,0,300,0.5,1700,0.5,1
9,8,771,1,0,300,0.5,1700,0.5,2
9,9,778,1,0,500,0.6,1000,0.2,1400,0.2,0
