0,0,473,0,0,500,0.6,1000,0.2,1400,0.2,0
0,1,261,2,10,5,0,300,0.5,1700,0.5,2
0,2,824,0,0,500,0.6,1000,0.2,1400,0.2,0
0,3,900,0,0,500,0.6,1000,0.2,1400,0.2,1
0,4,123,0,0,300,0.5,1700,0.5,1
0,5,326,0,0,300,0.5,1700,0.5,1
0,6,906,2,10,5,0,300,0.5,1700,0.5,0
0,7,961,1,0,500,0.6,1000,0.2,1400,0.2,1
0,8,901,0,0,500,0.6,1000,0.2,1400,0.2,2
0,9,484,0,0,500,0.6,1000,0.2,1400,0.2,1
1,0,157,2,10,5,0,300,0.5,1700,0.5,1
1,1,932,2,10,5,0,300,0.5,1700,0.5,0
1,2,743,0,0,300,0.5,1700,0.5,0
1,3,379,0,0,500,0.6,1000,0.2,1400,0.2,2
1,4,80,0,0,300,0.5,1700,0.5,1
1,5,828,0,0,300,0.5,1700,0.5,0
1,6,853,1,0,500,0.6,1000,0.2,1400,0.2,1
1,7,510,1,0,500,0.6,1000,0.2,1400,0.2,2
1,8,622,2,10,5,0,500,0.6,1000,0.2,1400,0.2,0
1,9,150,1,0,300,0.5,1700,0.5,0
2,0,885,2,10,5,0,300,0.5,1700,0.5,2
2,1,321,2,10,5,0,500,0.6,1000,0.2,1400,0.2,1
2,2,889,1,0,500,0.6,1000,0.2,1400,0.2,1
2,3,482,1,0,300,0.5,1700,0.5,0
2,4,788,0,0,500,0.6,1000,0.2,1400,0.2,0
2,5,67,0,0,300,0.5,1700,0.5,2
2,6,236,2,10,5,0,300,0.5,1700,0.5,1
2,7,850,0,0,500,0.6,1000,0.2,1400,0.2,2
2,8,914,1,0,500,0.6,1000,0.2,1400,0.2,2
2,9,390,0,0,300,0.5,1700,0.5,0
3,0,68,1,0,500,0.6,1000,0.2,1400,0.2,0
3,1,555,0,0,300,0.5,1700,0.5,0
3,2,921,1,0,500,0.6,1000,0.2,1400,0.2,1
3,3,434,1,0,300,0.5,1700,0.5,1
3,4,781,2,10,5,0,300,0.5,1700,0.5,0
3,5,105,2,10,5,0,300,0.5,1700,0.5,1
3,6,495,2,10,5,0,500,0.6,1000,0.2,1400,0.2,2
3,7,365,0,0,500,0.6,1000,0.2,1400,0.2,1
3,8,159,2,10,5,0,500,0.6,1000,0.2,1400,0.2,1
3,9,403,1,0,300,0.5,1700,0.5,1
4,0,889,0,0,300,0.5,1700,0.5,2
4,1,990,0,0,500,0.6,1000,0.2,1400,0.2,0
4,2,385,1,0,500,0.6,1000,0.2,1400,0.2,1
4,3,67,0,0,500,0.6,1000,0.2,1400,0.2,0
4,4,512,1,0,500,0.6,1000,0.2,1400,0.2,2
4,5,673,2,10,5,0,500,0.6,1000,0.2,1400,0.2,2
4,6,301,2,10,5,0,300,0.5,1700,0.5,0
4,7,499,0,0,300,0.5,1700,0.5,1
4,8,236,1,0,300,0.5,1700,0.5,0
4,9,828,0,0,500,0.6,1000,0.2,1400,0.2,0
5,0,82,1,0,500,0.6,1000,0.2,1400,0.2,1
5,1,280,1,0,300,0.5,1700,0.5,1
5,2,145,0,0,300,0.5,1700,0.5,1
5,3,428,0,0,500,0.6,1000,0.2,1400,0.2,1
5,4,315,0,0,300,0.5,1700,0.5,0
5,5,397,2,10,5,0,500,0.6,1000,0.2,1400,0.2,2
5,6,742,2,10,5,0,300,0.5,1700,0.5,2
5,7,592,2,10,5,0,500,0.6,1000,0.2,1400,0.2,0
5,8,567,0,0,500,0.6,1000,0.2,1400,0.2,2
5,9,748,0,0,500,0.6,1000,0.2,1400,0.2,1
6,0,929,2,10,5,0,500,0.6,1000,0.2,1400,0.2,2
6,1,192,1,0,500,0.6,1000,0.2,1400,0.2,1
6,2,264,2,10,5,0,300,0.5,1700,0.5,1
6,3,980,1,0,500,0.6,1000,0.2,1400,0.2,2
6,4,192,1,0,300,0.5,1700,0.5,2
6,5,898,1,0,500,0.6,1000,0.2,1400,0.2,2
6,6,291,1,0,300,0.5,1700,0.5,0
6,7,673,1,0,300,0.5,1700,0.5,0
6,8,798,0,0,500,0.6,1000,0.2,1400,0.2,2
6,9,612,1,0,300,0.5,1700,0.5,2
7,0,751,2,10,5,0,300,0.5,1700,0.5,0
7,1,154,1,0,500,0.6,1000,0.2,1400,0.2,0
7,2,343,1,0,500,0.6,1000,0.2,1400,0.2,0
7,3,153,0,0,500,0.6,1000,0.2,1400,0.2,1
7,4,445,0,0,300,0.5,1700,0.5,0
7,5,998,1,0,300,0.5,1700,0.5,1
7,6,279,0,0,300,0.5,1700,0.5,0
7,7,53,1,0,500,0.6,1000,0.2,1400,0.2,1
7,8,984,2,10,5,0,500,0.6,1000,0.2,1400,0.2,0
7,9,942,1,0,500,0.6,1000,0.2,1400,0.2,0
8,0,289,2,10,5,0,500,0.6,1000,0.2,1400,0.2,1
8,1,912,0,0,500,0.6,1000,0.2,1400,0.2,0
8,2,118,2,10,5,0,500,0.6,1000,0.2,1400,0.2,2
8,3,892,0,0,500,0.6,1000,0.2,1400,0.2,2
8,4,300,0,0,300,0.5,1700,0.5,0
8,5,864,2,10,5,0,300,0.5,1700,0.5,1
8,6,884,0,0,500,0.6,1000,0.2,1400,0.2,2
8,7,396,0,0,500,0.6,1000,0.2,1400,0.2,0
8,8,519,0,0,500,0.6,1000,0.2,1400,0.2,0
8,9,414,0,0,500,0.6,1000,0.2,1400,0.2,0
9,0,992,0,0,300,0.5,1700,0.5,0
9,1,950,2,10,5,0,500,0.6,1000,0.2,1400,0.2,2
9,2,204,0,0,500,0.6,1000,0.2,1400,0.2,0
9,3,665,0,0,500,0.6,1000,0.2,1400,0.2,2
9,4,633,2,10,5,0,300,0.5,1700,0.5,0
9,5,215,1,0,300,0.5,1700,0.5,2
9,6,746,2,10,5,0,500,0.6,1000,0.2,1400,0.2,1
9,7,905,1,0,300,0.5,1700,0.5,2
9,8,494,0,0,300,0.5,1700,0.5,2
9,9,965,0,0,300,0.5,1700,0.5,0
