0,0,877,1,0,300,0.5,1700,0.5,0
0,1,482,0,0,500,0.6,1000,0.2,1400,0.2,0
0,2,435,2,10,5,0,300,0.5,1700,0.5,0
0,3,918,0,0,300,0.5,1700,0.5,2
0,4,559,1,0,300,0.5,1700,0.5,1
0,5,565,0,0,500,0.6,1000,0.2,1400,0.2,0
0,6,509,2,10,5,0,300,0.5,1700,0.5,2
0,7,672,2,10,5,0,500,0.6,1000,0.2,1400,0.2,0
0,8,37,0,0,500,0.6,1000,0.2,1400,0.2,0
0,9,664,2,10,5,0,300,0.5,1700,0.5,2
1,0,325,0,0,500,0.6,1000,0.2,1400,0.2,2
1,1,924,0,0,300,0.5,1700,0.5,1
1,2,208,0,0,300,0.5,1700,0.5,2
1,3,705,2,10,5,0,500,0.6,1000,0.2,1400,0.2,2
1,4,386,2,10,5,0,500,0.6,1000,0.2,1400,0.2,2
1,5,760,2,10,5,0,300,0.5,1700,0.5,1
1,6,238,0,0,500,0.6,1000,0.2,1400,0.2,2
1,7,861,2,10,5,0,300,0.5,1700,0.5,1
1,8,410,1,0,500,0.6,1000,0.2,1400,0.2,0
1,9,599,0,0,500,0.6,1000,0.2,1400,0.2,1
2,0,176,0,0,300,0.5,1700,0.5,0
2,1,518,2,10,5,0,300,0.5,1700,0.5,2
2,2,912,0,0,300,0.5,1700,0.5,2
2,3,401,2,10,5,0,500,0.6,1000,0.2,1400,0.2,2
2,4,954,0,0,500,0.6,1000,0.2,1400,0.2,1
2,5,674,2,10,5,0,500,0.6,1000,0.2,1400,0.2,0
2,6,540,0,0,300,0.5,1700,0.5,0
2,7,783,1,0,300,0.5,1700,0.5,0
2,8,808,0,0,500,0.6,1000,0.2,1400,0.2,0
2,9,63,0,0,300,0.5,1700,0.5,1
3,0,57,1,0,500,0.6,1000,0.2,1400,0.2,0
3,1,752,0,0,500,0.6,1000,0.2,1400,0.2,1
3,2,545,2,10,5,0,300,0.5,1700,0.5,1
3,3,174,0,0,300,0.5,1700,0.5,1
3,4,521,2,10,5,0,300,0.5,1700,0.5,0
3,5,471,0,0,500,0.6,1000,0.2,1400,0.2,1
3,6,462,2,10,5,0,500,0.6,1000,0.2,1400,0.2,2
3,7,118,2,10,5,0,300,0.5,1700,0.5,0
3,8,290,2,10,5,0,500,0.6,1000,0.2,1400,0.2,1
3,9,624,1,0,300,0.5,1700,0.5,2
4,0,467,0,0,300,0.5,1700,0.5,0
4,1,658,0,0,300,0.5,1700,0.5,2
4,2,377,2,10,5,0,300,0.5,1700,0.5,1
4,3,342,1,0,300,0.5,1700,0.5,1
4,4,890,2,10,5,0,500,0.6,1000,0.2,1400,0.2,2
4,5,211,0,0,300,0.5,1700,0.5,1
4,6,369,1,0,300,0.5,1700,0.5,0
4,7,283,2,10,5,0,300,0.5,1700,0.5,2
4,8,109,1,0,500,0.6,1000,0.2,1400,0.2,1
4,9,401,1,0,300,0.5,1700,0.5,1
5,0,401,0,0,500,0.6,1000,0.2,1400,0.2,2
5,1,463,2,10,5,0,300,0.5,1700,0.5,2
5,2,210,2,10,5,0,300,0.5,1700,0.5,2
5,3,744,2,10,5,0,500,0.6,1000,0.2,1400,0.2,2
5,4,455,1,0,500,0.6,1000,0.2,1400,0.2,2
5,5,589,1,0,500,0.6,1000,0.2,1400,0.2,2
5,6,749,0,0,300,0.5,1700,0.5,2
5,7,749,0,0,300,0.5,1700,0.5,2
5,8,454,2,10,5,0,300,0.5,1700,0.5,0
5,9,182,1,0,500,0.6,1000,0.2,1400,0.2,1
6,0,749,1,0,500,0.6,1000,0.2,1400,0.2,1
6,1,117,0,0,500,0.6,1000,0.2,1400,0.2,0
6,2,734,1,0,300,0.5,1700,0.5,1
6,3,788,2,10,5,0,300,0.5,1700,0.5,1
6,4,483,1,0,500,0.6,1000,0.2,1400,0.2,1
6,5,864,1,0,300,0.5,1700,0.5,0
6,6,577,1,0,300,0.5,1700,0.5,0
6,7,216,1,0,300,0.5,1700,0.5,1
6,8,871,2,10,5,0,300,0.5,1700,0.5,2
6,9,123,0,0,500,0.6,1000,0.2,1400,0.2,2
7,0,925,2,10,5,0,500,0.6,1000,0.2,1400,0.2,0
7,1,295,2,10,5,0,300,0.5,1700,0.5,2
7,2,95,1,0,500,0.6,1000,0.2,1400,0.2,0
7,3,326,2,10,5,0,500,0.6,1000,0.2,1400,0.2,1
7,4,800,0,0,300,0.5,1700,0.5,0
7,5,105,2,10,5,0,500,0.6,1000,0.2,1400,0.2,0
7,6,336,2,10,5,0,500,0.6,1000,0.2,1400,0.2,0
7,7,815,2,10,5,0,500,0.6,1000,0.2,1400,0.2,1
7,8,327,0,0,500,0.6,1000,0.2,1400,0.2,1
7,9,759,2,10,5,0,500,0.6,1000,0.2,1400,0.2,2
8,0,824,2,10,5,0,300,0.5,1700,0.5,2
8,1,105,2,10,5,0,300,0.5,1700,0.5,0
8,2,532,2,10,5,0,300,0.5,1700,0.5,1
8,3,580,2,10,5,0,500,0.6,1000,0.2,1400,0.2,0
8,4,894,2,10,5,0,300,0.5,1700,0.5,1
8,5,219,1,0,500,0.6,1000,0.2,1400,0.2,1
8,6,320,2,10,5,0,300,0.5,1700,0.5,1
8,7,14,0,0,500,0.6,1000,0.2,1400,0.2,0
8,8,301,1,0,300,0.5,1700,0.5,0
8,9,908,0,0,300,0.5,1700,0.5,1
9,0,879,2,10,5,0,300,0.5,1700,0.5,1
9,1,455,0,0,500,0.6,1000,0.2,1400,0.2,2
9,2,224,1,0,300,0.5,1700,0.5,0
9,3,406,2,10,5,0,500,0.6,1000,0.2,1400,0.2,0
9,4,306,2,10,5,0,500,0.6,1000,0.2,1400,0.2,1
9,5,835,1,0,300,0.5,1700,0.5,1
9,6,993,1,0,500,0.6,1000,0.2,1400,0.2,2
9,7,819,2,10,5,0,300,0.5,1700,0.5,0
9,8,264,2,10,5,0,300,0.5,1700,0.5,2
9,9,42,1,0,500,0.6,1000,0.2,1400,0.2,1
