0,0,338,0,0,500,0.6,1000,0.2,1400,0.2,2
0,1,787,1,0,300,0.5,1700,0.5,2
0,2,125,2,10,5,0,300,0.5,1700,0.5,0
0,3,304,2,10,5,0,300,0.5,1700,0.5,1
0,4,527,2,10,5,0,300,0.5,1700,0.5,2
0,5,139,2,10,5,0,300,0.5,1700,0.5,2
1,0,599,2,10,5,0,500,0.6,1000,0.2,1400,0.2,0
1,1,253,2,10,5,0,300,0.5,1700,0.5,2
1,2,858,0,0,500,0.6,1000,0.2,1400,0.2,1
1,3,280,2,10,5,0,500,0.6,1000,0.2,1400,0.2,0
1,4,846,1,0,500,0.6,1000,0.2,1400,0.2,1
1,5,879,1,0,500,0.6,1000,0.2,1400,0.2,0
2,0,851,1,0,500,0.6,1000,0.2,1400,0.2,1
2,1,301,1,0,300,0.5,1700,0.5,2
2,2,87,1,0,500,0.6,1000,0.2,1400,0.2,0
2,3,130,1,0,500,0.6,1000,0.2,1400,0.2,2
2,4,95,0,0,300,0.5,1700,0.5,2
2,5,266,1,0,500,0.6,1000,0.2,1400,0.2,2
3,0,224,0,0,300,0.5,1700,0.5,0
3,1,119,1,0,300,0.5,1700,0.5,2
3,2,901,2,10,5,0,500,0.6,1000,0.2,1400,0.2,1
3,3,531,2,10,5,0,300,0.5,1700,0.5,2
3,4,772,0,0,300,0.5,1700,0.5,1
3,5,555,1,0,300,0.5,1700,0.5,0
4,0,50,2,10,5,0,500,0.6,1000,0.2,1400,0.2,1
4,1,916,0,0,500,0.6,1000,0.2,1400,0.2,1
4,2,114,2,10,5,0,500,0.6,1000,0.2,1400,0.2,0
4,3,745,1,0,300,0.5,1700,0.5,2
4,4,676,2,10,5,0,500,0.6,1000,0.2,1400,0.2,0
4,5,281,1,0,500,0.6,1000,0.2,1400,0.2,2
5,0,606,2,10,5,0,300,0.5,1700,0.5,0
5,1,393,2,10,5,0,500,0.6,1000,0.2,1400,0.2,0
5,2,70,2,10,5,0,500,0.6,1000,0.2,1400,0.2,2
5,3,882,1,0,500,0.6,1000,0.2,1400,0.2,0
5,4,949,1,0,500,0.6,1000,0.2,1400,0.2,2
5,5,503,1,0,500,0.6,1000,0.2,1400,0.2,1
