0,0,603,2,10,5,0,300,0.5,1700,0.5,0
0,1,481,0,0,500,0.6,1000,0.2,1400,0.2,2
0,2,686,2,10,5,0,500,0.6,1000,0.2,1400,0.2,1
0,3,203,1,0,300,0.5,1700,0.5,1
0,4,947,1,0,500,0.6,1000,0.2,1400,0.2,2
0,5,810,1,0,300,0.5,1700,0.5,1
1,0,71,1,0,300,0.5,1700,0.5,0
1,1,821,2,10,5,0,500,0.6,1000,0.2,1400,0.2,0
1,2,875,0,0,500,0.6,1000,0.2,1400,0.2,0
1,3,371,2,10,5,0,300,0.5,1700,0.5,2
1,4,58,0,0,500,0.6,1000,0.2,1400,0.2,0
1,5,499,0,0,300,0.5,1700,0.5,2
2,0,221,2,10,5,0,500,0.6,1000,0.2,1400,0.2,1
2,1,271,0,0,300,0.5,1700,0.5,1
2,2,88,1,0,300,0.5,1700,0.5,2
2,3,717,0,0,300,0.5,1700,0.5,0
2,4,893,0,0,500,0.6,1000,0.2,1400,0.2,0
2,5,487,2,10,5,0,300,0.5,1700,0.5,1
3,0,329,0,0,300,0.5,1700,0.5,2
3,1,345,0,0,500,0.6,1000,0.2,1400,0.2,2
3,2,312,0,0,300,0.5,1700,0.5,1
3,3,963,2,10,5,0,300,0.5,1700,0.5,1
3,4,161,2,10,5,0,500,0.6,1000,0.2,1400,0.2,2
3,5,398,1,0,500,0.6,1000,0.2,1400,0.2,0
4,0,764,1,0,500,0.6,1000,0.2,1400,0.2,1
4,1,579,2,10,5,0,500,0.6,1000,0.2,1400,0.2,1
4,2,964,1,0,300,0.5,1700,0.5,2
4,3,836,0,0,500,0.6,1000,0.2,1400,0.2,1
4,4,75,0,0,500,0.6,1000,0.2,1400,0.2,0
4,5,904,1,0,500,0.6,1000,0.2,1400,0.2,0
5,0,436,2,10,5,0,500,0.6,1000,0.2,1400,0.2,1
5,1,795,0,0,500,0.6,1000,0.2,1400,0.2,0
5,2,334,1,0,300,0.5,1700,0.5,2
5,3,59,2,10,5,0,300,0.5,1700,0.5,2
5,4,108,0,0,500,0.6,1000,0.2,1400,0.2,1
5,5,535,2,10,5,0,500,0.6,1000,0.2,1400,0.2,1
