0,0,25,0,0,500,0.6,1000,0.2,1400,0.2,1
0,1,835,2,10,5,0,500,0.6,1000,0.2,1400,0.2,2
0,2,564,0,0,500,0.6,1000,0.2,1400,0.2,1
0,3,17,2,10,5,0,300,0.5,1700,0.5,2
0,4,611,1,0,500,0.6,1000,0.2,1400,0.2,1
0,5,598,2,10,5,0,500,0.6,1000,0.2,1400,0.2,2
1,0,556,2,10,5,0,300,0.5,1700,0.5,1
1,1,902,1,0,500,0.6,1000,0.2,1400,0.2,1
1,2,840,0,0,300,0.5,1700,0.5,1
1,3,820,1,0,500,0.6,1000,0.2,1400,0.2,2
1,4,144,1,0,300,0.5,1700,0.5,2
1,5,876,0,0,500,0.6,1000,0.2,1400,0.2,1
2,0,739,2,10,5,0,300,0.5,1700,0.5,2
2,1,28,1,0,500,0.6,1000,0.2,1400,0.2,2
2,2,408,1,0,500,0.6,1000,0.2,1400,0.2,2
2,3,91,0,0,500,0.6,1000,0.2,1400,0.2,0
2,4,772,2,10,5,0,300,0.5,1700,0.5,0
2,5,73,0,0,300,0.5,1700,0.5,2
3,0,621,0,0,300,0.5,1700,0.5,1
3,1,400,1,0,500,0.6,1000,0.2,1400,0.2,2
3,2,966,2,10,5,0,500,0.6,1000,0.2,1400,0.2,2
3,3,746,2,10,5,0,300,0.5,1700,0.5,0
3,4,814,1,0,500,0.6,1000,0.2,1400,0.2,1
3,5,537,0,0,300,0.5,1700,0.5,2
4,0,434,2,10,5,0,500,0.6,1000,0.2,1400,0.2,1
4,1,541,0,0,300,0.5,1700,0.5,1
4,2,271,1,0,300,0.5,1700,0.5,0
4,3,18,0,0,300,0.5,1700,0.5,2
4,4,216,0,0,300,0.5,1700,0.5,1
4,5,658,0,0,500,0.6,1000,0.2,1400,0.2,0
5,0,220,2,10,5,0,300,0.5,1700,0.5,0
5,1,951,0,0,300,0.5,1700,0.5,2
5,2,632,2,10,5,0,300,0.5,1700,0.5,0
5,3,204,1,0,300,0.5,1700,0.5,1
5,4,116,1,0,300,0.5,1700,0.5,1
5,5,953,0,0,500,0.6,1000,0.2,1400,0.2,0
