0,0,912,0,0,500,0.6,1000,0.2,1400,0.2,1
0,1,362,1,0,300,0.5,1700,0.5,2
0,2,387,0,0,500,0.6,1000,0.2,1400,0.2,1
0,3,472,1,0,300,0.5,1700,0.5,1
0,4,797,2,10,5,0,500,0.6,1000,0.2,1400,0.2,1
0,5,709,1,0,500,0.6,1000,0.2,1400,0.2,1
1,0,567,1,0,500,0.6,1000,0.2,1400,0.2,0
1,1,923,1,0,300,0.5,1700,0.5,2
1,2,773,0,0,500,0.6,1000,0.2,1400,0.2,2
1,3,433,0,0,300,0.5,1700,0.5,1
1,4,441,1,0,500,0.6,1000,0.2,1400,0.2,1
1,5,680,0,0,300,0.5,1700,0.5,0
2,0,566,2,10,5,0,300,0.5,1700,0.5,1
2,1,933,2,10,5,0,500,0.6,1000,0.2,1400,0.2,1
2,2,732,2,10,5,0,300,0.5,1700,0.5,2
2,3,617,1,0,500,0.6,1000,0.2,1400,0.2,1
2,4,588,2,10,5,0,500,0.6,1000,0.2,1400,0.2,1
2,5,508,0,0,300,0.5,1700,0.5,1
3,0,340,2,10,5,0,500,0.6,1000,0.2,1400,0.2,0
3,1,792,2,10,5,0,300,0.5,1700,0.5,0
3,2,833,2,10,5,0,300,0.5,1700,0.5,2
3,3,503,1,0,300,0.5,1700,0.5,1
3,4,387,2,10,5,0,300,0.5,1700,0.5,0
3,5,469,1,0,300,0.5,1700,0.5,0
4,0,511,2,10,5,0,500,0.6,1000,0.2,1400,0.2,0
4,1,943,2,10,5,0,500,0.6,1000,0.2,1400,0.2,2
4,2,615,2,10,5,0,300,0.5,1700,0.5,1
4,3,510,0,0,300,0.5,1700,0.5,0
4,4,779,1,0,300,0.5,1700,0.5,2
4,5,353,0,0,300,0.5,1700,0.5,0
5,0,535,1,0,300,0.5,1700,0.5,1
5,1,460,2,10,5,0,500,0.6,1000,0.2,1400,0.2,0
5,2,938,2,10,5,0,500,0.6,1000,0.2,1400,0.2,1
5,3,192,2,10,5,0,500,0.6,1000,0.2,1400,0.2,1
5,4,853,1,0,500,0.6,1000,0.2,1400,0.2,0
5,5,336,0,0,500,0.6,1000,0.2,1400,0.2,0
