0,0,924,1,0,300,0.5,1700,0.5,1
0,1,158,2,10,5,0,300,0.5,1700,0.5,1
0,2,114,2,10,5,0,300,0.5,1700,0.5,0
0,3,450,2,10,5,0,500,0.6,1000,0.2,1400,0.2,0
0,4,259,2,10,5,0,300,0.5,1700,0.5,0
0,5,585,2,10,5,0,500,0.6,1000,0.2,1400,0.2,1
1,0,949,2,10,5,0,500,0.6,1000,0.2,1400,0.2,0
1,1,957,0,0,300,0.5,1700,0.5,1
1,2,924,0,0,500,0.6,1000,0.2,1400,0.2,1
1,3,666,1,0,300,0.5,1700,0.5,1
1,4,317,0,0,300,0.5,1700,0.5,0
1,5,99,0,0,300,0.5,1700,0.5,2
2,0,807,0,0,500,0.6,1000,0.2,1400,0.2,2
2,1,833,1,0,500,0.6,1000,0.2,1400,0.2,0
2,2,56,0,0,500,0.6,1000,0.2,1400,0.2,1
2,3,316,1,0,300,0.5,1700,0.5,0
2,4,12,0,0,500,0.6,1000,0.2,1400,0.2,0
2,5,976,1,0,500,0.6,1000,0.2,1400,0.2,0
3,0,676,0,0,500,0.6,1000,0.2,1400,0.2,2
3,1,986,0,0,300,0.5,1700,0.5,2
3,2,694,2,10,5,0,300,0.5,1700,0.5,0
3,3,274,1,0,500,0.6,1000,0.2,1400,0.2,0
3,4,827,1,0,500,0.6,1000,0.2,1400,0.2,2
3,5,944,1,0,500,0.6,1000,0.2,1400,0.2,1
4,0,636,0,0,300,0.5,1700,0.5,1
4,1,707,2,10,5,0,500,0.6,1000,0.2,1400,0.2,1
4,2,402,1,0,500,0.6,1000,0.2,1400,0.2,0
4,3,773,0,0,500,0.6,1000,0.2,1400,0.2,1
4,4,886,1,0,300,0.5,1700,0.5,2
4,5,343,2,10,5,0,300,0.5,1700,0.5,1
5,0,313,1,0,500,0.6,1000,0.2,1400,0.2,1
5,1,244,0,0,500,0.6,1000,0.2,1400,0.2,0
5,2,303,1,0,300,0.5,1700,0.5,2
5,3,647,2,10,5,0,500,0.6,1000,0.2,1400,0.2,0
5,4,718,2,10,5,0,500,0.6,1000,0.2,1400,0.2,0
5,5,667,1,0,500,0.6,1000,0.2,1400,0.2,2
