0,0,237,1,0,500,0.6,1000,0.2,1400,0.2,1
0,1,278,0,0,300,0.5,1700,0.5,1
0,2,400,0,0,500,0.6,1000,0.2,1400,0.2,2
0,3,115,1,0,500,0.6,1000,0.2,1400,0.2,1
0,4,631,1,0,500,0.6,1000,0.2,1400,0.2,1
0,5,358,2,10,5,0,500,0.6,1000,0.2,1400,0.2,0
1,0,548,2,10,5,0,500,0.6,1000,0.2,1400,0.2,0
1,1,864,2,10,5,0,300,0.5,1700,0.5,1
1,2,789,2,10,5,0,500,0.6,1000,0.2,1400,0.2,1
1,3,260,1,0,300,0.5,1700,0.5,0
1,4,561,0,0,300,0.5,1700,0.5,0
1,5,363,1,0,300,0.5,1700,0.5,0
2,0,771,1,0,300,0.5,1700,0.5,0
2,1,161,2,10,5,0,300,0.5,1700,0.5,1
2,2,758,0,0,300,0.5,1700,0.5,0
2,3,731,2,10,5,0,500,0.6,1000,0.2,1400,0.2,1
2,4,253,1,0,500,0.6,1000,0.2,1400,0.2,2
2,5,525,0,0,300,0.5,1700,0.5,1
3,0,908,0,0,300,0.5,1700,0.5,0
3,1,190,0,0,500,0.6,1000,0.2,1400,0.2,1
3,2,444,0,0,500,0.6,1000,0.2,1400,0.2,0
3,3,411,1,0,500,0.6,1000,0.2,1400,0.2,0
3,4,252,1,0,300,0.5,1700,0.5,0
3,5,129,1,0,300,0.5,1700,0.5,2
4,0,32,1,0,500,0.6,1000,0.2,1400,0.2,2
4,1,406,1,0,300,0.5,1700,0.5,2
4,2,594,1,0,500,0.6,1000,0.2,1400,0.2,1
4,3,141,1,0,500,0.6,1000,0.2,1400,0.2,2
4,4,341,1,0,300,0.5,1700,0.5,0
4,5,19,2,10,5,0,500,0.6,1000,0.2,1400,0.2,1
5,0,428,0,0,300,0.5,1700,0.5,0
5,1,989,2,10,5,0,300,0.5,1700,0.5,1
5,2,810,0,0,500,0.6,1000,0.2,1400,0.2,2
5,3,826,0,0,500,0.6,1000,0.2,1400,0.2,0
5,4,124,2,10,5,0,300,0.5,1700,0.5,0
5,5,33,0,0,300,0.5,1700,0.5,1
