0,0,328,1,0,300,0.5,1700,0.5,2
0,1,12,0,0,500,0.6,1000,0.2,1400,0.2,0
0,2,263,2,10,5,0,500,0.6,1000,0.2,1400,0.2,1
0,3,140,1,0,500,0.6,1000,0.2,1400,0.2,2
0,4,315,0,0,300,0.5,1700,0.5,0
0,5,792,0,0,300,0.5,1700,0.5,2
1,0,358,1,0,300,0.5,1700,0.5,1
1,1,502,2,10,5,0,500,0.6,1000,0.2,1400,0.2,0
1,2,874,1,0,300,0.5,1700,0.5,1
1,3,85,1,0,500,0.6,1000,0.2,1400,0.2,1
1,4,702,1,0,500,0.6,1000,0.2,1400,0.2,0
1,5,72,0,0,500,0.6,1000,0.2,1400,0.2,1
2,0,516,2,10,5,0,300,0.5,1700,0.5,1
2,1,306,2,10,5,0,300,0.5,1700,0.5,2
2,2,998,0,0,300,0.5,1700,0.5,1
2,3,812,1,0,500,0.6,1000,0.2,1400,0.2,0
2,4,88,2,10,5,0,300,0.5,1700,0.5,0
2,5,203,0,0,500,0.6,1000,0.2,1400,0.2,2
3,0,767,0,0,300,0.5,1700,0.5,1
3,1,275,1,0,300,0.5,1700,0.5,0
3,2,171,2,10,5,0,500,0.6,1000,0.2,1400,0.2,2
3,3,916,1,0,300,0.5,1700,0.5,2
3,4,88,2,10,5,0,500,0.6,1000,0.2,1400,0.2,1
3,5,599,0,0,300,0.5,1700,0.5,2
4,0,992,0,0,300,0.5,1700,0.5,2
4,1,893,2,10,5,0,500,0.6,1000,0.2,1400,0.2,1
4,2,127,2,10,5,0,500,0.6,1000,0.2,1400,0.2,0
4,3,797,1,0,500,0.6,1000,0.2,1400,0.2,0
4,4,584,2,10,5,0,300,0.5,1700,0.5,1
4,5,879,2,10,5,0,500,0.6,1000,0.2,1400,0.2,0
5,0,666,2,10,5,0,500,0.6,1000,0.2,1400,0.2,2
5,1,93,0,0,300,0.5,1700,0.5,1
5,2,614,0,0,500,0.6,1000,0.2,1400,0.2,1
5,3,945,2,10,5,0,500,0.6,1000,0.2,1400,0.2,2
5,4,662,2,10,5,0,300,0.5,1700,0.5,1
5,5,433,1,0,500,0.6,1000,0.2,1400,0.2,1
