0,0,710,0,0,500,0.6,1000,0.2,1400,0.2,2
0,1,612,2,10,5,0,300,0.5,1700,0.5,1
0,2,224,2,10,5,0,300,0.5,1700,0.5,1
0,3,533,1,0,500,0.6,1000,0.2,1400,0.2,1
0,4,922,0,0,300,0.5,1700,0.5,0
0,5,886,0,0,500,0.6,1000,0.2,1400,0.2,1
1,0,886,2,10,5,0,500,0.6,1000,0.2,1400,0.2,0
1,1,282,1,0,500,0.6,1000,0.2,1400,0.2,1
1,2,226,2,10,5,0,300,0.5,1700,0.5,2
1,3,319,2,10,5,0,500,0.6,1000,0.2,1400,0.2,0
1,4,499,1,0,500,0.6,1000,0.2,1400,0.2,0
1,5,890,0,0,300,0.5,1700,0.5,1
2,0,385,1,0,300,0.5,1700,0.5,0
2,1,237,2,10,5,0,300,0.5,1700,0.5,1
2,2,993,1,0,500,0.6,1000,0.2,1400,0.2,0
2,3,78,0,0,500,0.6,1000,0.2,1400,0.2,0
2,4,80,0,0,300,0.5,1700,0.5,0
2,5,588,1,0,500,0.6,1000,0.2,1400,0.2,1
3,0,866,1,0,500,0.6,1000,0.2,1400,0.2,0
3,1,48,2,10,5,0,300,0.5,1700,0.5,1
3,2,513,1,0,300,0.5,1700,0.5,0
3,3,727,2,10,5,0,300,0.5,1700,0.5,1
3,4,992,1,0,500,0.6,1000,0.2,1400,0.2,0
3,5,847,2,10,5,0,500,0.6,1000,0.2,1400,0.2,2
4,0,216,2,10,5,0,500,0.6,1000,0.2,1400,0.2,0
4,1,286,1,0,300,0.5,1700,0.5,2
4,2,212,2,10,5,0,300,0.5,1700,0.5,0
4,3,162,2,10,5,0,300,0.5,1700,0.5,2
4,4,813,0,0,300,0.5,1700,0.5,1
4,5,728,0,0,300,0.5,1700,0.5,1
5,0,95,2,10,5,0,300,0.5,1700,0.5,1
5,1,163,2,10,5,0,300,0.5,1700,0.5,1
5,2,823,0,0,500,0.6,1000,0.2,1400,0.2,0
5,3,285,2,10,5,0,500,0.6,1000,0.2,1400,0.2,1
5,4,799,2,10,5,0,500,0.6,1000,0.2,1400,0.2,0
5,5,741,0,0,300,0.5,1700,0.5,1
