0,0,231,0,0,500,0.6,1000,0.2,1400,0.2,0
0,1,640,2,10,5,0,300,0.5,1700,0.5,1
0,2,719,1,0,300,0.5,1700,0.5,2
0,3,821,0,0,500,0.6,1000,0.2,1400,0.2,1
0,4,62,0,0,300,0.5,1700,0.5,0
0,5,123,1,0,300,0.5,1700,0.5,0
1,0,265,1,0,500,0.6,1000,0.2,1400,0.2,1
1,1,302,0,0,500,0.6,1000,0.2,1400,0.2,2
1,2,327,1,0,500,0.6,1000,0.2,1400,0.2,0
1,3,328,1,0,300,0.5,1700,0.5,2
1,4,662,0,0,500,0.6,1000,0.2,1400,0.2,1
1,5,628,1,0,500,0.6,1000,0.2,1400,0.2,0
2,0,562,0,0,500,0.6,1000,0.2,1400,0.2,0
2,1,247,0,0,300,0.5,1700,0.5,2
2,2,78,1,0,300,0.5,1700,0.5,2
2,3,539,0,0,500,0.6,1000,0.2,1400,0.2,2
2,4,366,1,0,500,0.6,1000,0.2,1400,0.2,1
2,5,258,0,0,500,0.6,1000,0.2,1400,0.2,2
3,0,609,2,10,5,0,500,0.6,1000,0.2,1400,0.2,2
3,1,249,0,0,500,0.6,1000,0.2,1400,0.2,0
3,2,872,0,0,300,0.5,1700,0.5,1
3,3,335,1,0,500,0.6,1000,0.2,1400,0.2,1
3,4,104,2,10,5,0,500,0.6,1000,0.2,1400,0.2,2
3,5,401,0,0,300,0.5,1700,0.5,0
4,0,835,1,0,300,0.5,1700,0.5,1
4,1,969,0,0,300,0.5,1700,0.5,0
4,2,608,2,10,5,0,300,0.5,1700,0.5,2
4,3,892,0,0,500,0.6,1000,0.2,1400,0.2,0
4,4,763,1,0,500,0.6,1000,0.2,1400,0.2,2
4,5,414,1,0,300,0.5,1700,0.5,0
5,0,704,1,0,500,0.6,1000,0.2,1400,0.2,2
5,1,56,2,10,5,0,500,0.6,1000,0.2,1400,0.2,1
5,2,398,2,10,5,0,500,0.6,1000,0.2,1400,0.2,1
5,3,120,1,0,500,0.6,1000,0.2,1400,0.2,1
5,4,683,1,0,500,0.6,1000,0.2,1400,0.2,2
5,5,533,2,10,5,0,300,0.5,1700,0.5,0
