0,0,788,2,10,5,0,300,0.5,1700,0.5,0
0,1,609,2,10,5,0,500,0.6,1000,0.2,1400,0.2,1
0,2,239,1,0,300,0.5,1700,0.5,0
0,3,333,0,0,500,0.6,1000,0.2,1400,0.2,2
0,4,427,1,0,300,0.5,1700,0.5,1
0,5,992,0,0,500,0.6,1000,0.2,1400,0.2,2
1,0,336,1,0,300,0.5,1700,0.5,2
1,1,92,1,0,300,0.5,1700,0.5,2
1,2,241,1,0,300,0.5,1700,0.5,1
1,3,857,2,10,5,0,300,0.5,1700,0.5,2
1,4,247,2,10,5,0,500,0.6,1000,0.2,1400,0.2,0
1,5,218,0,0,500,0.6,1000,0.2,1400,0.2,1
2,0,39,1,0,500,0.6,1000,0.2,1400,0.2,1
2,1,968,0,0,500,0.6,1000,0.2,1400,0.2,1
2,2,362,0,0,500,0.6,1000,0.2,1400,0.2,0
2,3,46,1,0,500,0.6,1000,0.2,1400,0.2,2
2,4,414,1,0,300,0.5,1700,0.5,0
2,5,886,1,0,500,0.6,1000,0.2,1400,0.2,2
3,0,593,2,10,5,0,300,0.5,1700,0.5,0
3,1,182,1,0,500,0.6,1000,0.2,1400,0.2,0
3,2,699,0,0,300,0.5,1700,0.5,0
3,3,696,0,0,300,0.5,1700,0.5,2
3,4,306,2,10,5,0,300,0.5,1700,0.5,0
3,5,601,2,10,5,0,500,0.6,1000,0.2,1400,0.2,1
4,0,884,0,0,500,0.6,1000,0.2,1400,0.2,1
4,1,443,2,10,5,0,500,0.6,1000,0.2,1400,0.2,0
4,2,58,1,0,300,0.5,1700,0.5,0
4,3,473,0,0,500,0.6,1000,0.2,1400,0.2,0
4,4,553,2,10,5,0,500,0.6,1000,0.2,1400,0.2,1
4,5,694,2,10,5,0,500,0.6,1000,0.2,1400,0.2,2
5,0,248,1,0,500,0.6,1000,0.2,1400,0.2,0
5,1,844,1,0,300,0.5,1700,0.5,1
5,2,298,0,0,300,0.5,1700,0.5,1
5,3,183,0,0,500,0.6,1000,0.2,1400,0.2,1
5,4,968,2,10,5,0,500,0.6,1000,0.2,1400,0.2,2
5,5,410,0,0,500,0.6,1000,0.2,1400,0.2,0
