0,0,419,1,0,500,0.6,1000,0.2,1400,0.2,2
0,1,423,0,0,300,0.5,1700,0.5,2
0,2,630,2,10,5,0,300,0.5,1700,0.5,1
0,3,292,0,0,500,0.6,1000,0.2,1400,0.2,1
0,4,236,1,0,500,0.6,1000,0.2,1400,0.2,2
0,5,259,1,0,500,0.6,1000,0.2,1400,0.2,1
1,0,782,1,0,300,0.5,1700,0.5,0
1,1,440,2,10,5,0,500,0.6,1000,0.2,1400,0.2,1
1,2,621,0,0,300,0.5,1700,0.5,1
1,3,537,0,0,500,0.6,1000,0.2,1400,0.2,0
1,4,247,2,10,5,0,300,0.5,1700,0.5,2
1,5,586,0,0,300,0.5,1700,0.5,0
2,0,343,2,10,5,0,500,0.6,1000,0.2,1400,0.2,2
2,1,236,2,10,5,0,500,0.6,1000,0.2,1400,0.2,2
2,2,372,1,0,300,0.5,1700,0.5,1
2,3,775,2,10,5,0,300,0.5,1700,0.5,1
2,4,849,1,0,300,0.5,1700,0.5,0
2,5,75,0,0,500,0.6,1000,0.2,1400,0.2,2
3,0,91,2,10,5,0,500,0.6,1000,0.2,1400,0.2,2
3,1,842,1,0,300,0.5,1700,0.5,1
3,2,682,0,0,500,0.6,1000,0.2,1400,0.2,2
3,3,904,0,0,500,0.6,1000,0.2,1400,0.2,2
3,4,313,0,0,500,0.6,1000,0.2,1400,0.2,1
3,5,426,2,10,5,0,500,0.6,1000,0.2,1400,0.2,2
4,0,956,1,0,300,0.5,1700,0.5,0
4,1,114,0,0,500,0.6,1000,0.2,1400,0.2,0
4,2,78,2,10,5,0,500,0.6,1000,0.2,1400,0.2,1
4,3,352,0,0,300,0.5,1700,0.5,2
4,4,232,0,0,300,0.5,1700,0.5,2
4,5,648,0,0,300,0.5,1700,0.5,2
5,0,374,1,0,500,0.6,1000,0.2,1400,0.2,0
5,1,190,0,0,500,0.6,1000,0.2,1400,0.2,0
5,2,384,0,0,300,0.5,1700,0.5,2
5,3,185,0,0,300,0.5,1700,0.5,1
5,4,505,0,0,300,0.5,1700,0.5,0
5,5,393,2,10,5,0,300,0.5,1700,0.5,1
