0,0,548,2,10,5,0,300,0.5,1700,0.5,2
0,1,951,1,0,500,0.6,1000,0.2,1400,0.2,2
0,2,257,2,10,5,0,500,0.6,1000,0.2,1400,0.2,0
0,3,891,2,10,5,0,500,0.6,1000,0.2,1400,0.2,0
0,4,429,0,0,300,0.5,1700,0.5,0
0,5,690,1,0,300,0.5,1700,0.5,2
1,0,92,0,0,300,0.5,1700,0.5,1
1,1,181,2,10,5,0,500,0.6,1000,0.2,1400,0.2,2
1,2,593,1,0,500,0.6,1000,0.2,1400,0.2,0
1,3,554,0,0,500,0.6,1000,0.2,1400,0.2,2
1,4,410,2,10,5,0,500,0.6,1000,0.2,1400,0.2,0
1,5,515,1,0,300,0.5,1700,0.5,2
2,0,287,2,10,5,0,300,0.5,1700,0.5,1
2,1,509,0,0,500,0.6,1000,0.2,1400,0.2,0
2,2,711,1,0,500,0.6,1000,0.2,1400,0.2,1
2,3,253,1,0,300,0.5,1700,0.5,0
2,4,949,2,10,5,0,500,0.6,1000,0.2,1400,0.2,2
2,5,85,0,0,300,0.5,1700,0.5,2
3,0,334,2,10,5,0,300,0.5,1700,0.5,0
3,1,41,2,10,5,0,300,0.5,1700,0.5,1
3,2,554,2,10,5,0,300,0.5,1700,0.5,2
3,3,842,1,0,500,0.6,1000,0.2,1400,0.2,0
3,4,871,1,0,500,0.6,1000,0.2,1400,0.2,1
3,5,461,2,10,5,0,500,0.6,1000,0.2,1400,0.2,0
4,0,359,2,10,5,0,500,0.6,1000,0.2,1400,0.2,0
4,1,770,0,0,300,0.5,1700,0.5,1
4,2,399,0,0,300,0.5,1700,0.5,1
4,3,379,0,0,500,0.6,1000,0.2,1400,0.2,2
4,4,467,0,0,500,0.6,1000,0.2,1400,0.2,2
4,5,462,0,0,500,0.6,1000,0.2,1400,0.2,2
5,0,884,0,0,300,0.5,1700,0.5,2
5,1,229,1,0,300,0.5,1700,0.5,0
5,2,412,2,10,5,0,300,0.5,1700,0.5,0
5,3,788,2,10,5,0,300,0.5,1700,0.5,0
5,4,269,0,0,300,0.5,1700,0.5,0
5,5,715,1,0,300,0.5,1700,0.5,1
