0,0,478,0,0,500,0.6,1000,0.2,1400,0.2,1
0,1,768,1,0,300,0.5,1700,0.5,2
0,2,678,0,0,500,0.6,1000,0.2,1400,0.2,2
0,3,366,0,0,300,0.5,1700,0.5,1
0,4,588,2,10,5,0,500,0.6,1000,0.2,1400,0.2,1
0,5,330,2,10,5,0,300,0.5,1700,0.5,2
1,0,450,0,0,500,0.6,1000,0.2,1400,0.2,1
1,1,430,2,10,5,0,500,0.6,1000,0.2,1400,0.2,2
1,2,655,2,10,5,0,300,0.5,1700,0.5,2
1,3,373,1,0,300,0.5,1700,0.5,1
1,4,936,1,0,500,0.6,1000,0.2,1400,0.2,1
1,5,652,2,10,5,0,500,0.6,1000,0.2,1400,0.2,0
2,0,711,0,0,300,0.5,1700,0.5,2
2,1,35,1,0,500,0.6,1000,0.2,1400,0.2,1
2,2,943,0,0,300,0.5,1700,0.5,2
2,3,553,2,10,5,0,300,0.5,1700,0.5,0
2,4,79,0,0,500,0.6,1000,0.2,1400,0.2,1
2,5,855,0,0,300,0.5,1700,0.5,2
3,0,907,2,10,5,0,300,0.5,1700,0.5,0
3,1,531,0,0,300,0.5,1700,0.5,0
3,2,361,0,0,300,0.5,1700,0.5,2
3,3,312,2,10,5,0,300,0.5,1700,0.5,0
3,4,286,0,0,300,0.5,1700,0.5,1
3,5,74,1,0,300,0.5,1700,0.5,1
4,0,972,2,10,5,0,300,0.5,1700,0.5,2
4,1,752,2,10,5,0,500,0.6,1000,0.2,1400,0.2,1
4,2,572,2,10,5,0,300,0.5,1700,0.5,2
4,3,373,2,10,5,0,300,0.5,1700,0.5,0
4,4,989,0,0,300,0.5,1700,0.5,2
4,5,46,1,0,300,0.5,1700,0.5,1
5,0,670,1,0,500,0.6,1000,0.2,1400,0.2,2
5,1,142,2,10,5,0,300,0.5,1700,0.5,1
5,2,131,1,0,300,0.5,1700,0.5,0
5,3,140,1,0,300,0.5,1700,0.5,0
5,4,935,2,10,5,0,500,0.6,1000,0.2,1400,0.2,2
5,5,748,2,10,5,0,300,0.5,1700,0.5,0
