0,0,355,0,0,500,0.6,1000,0.2,1400,0.2,0
0,1,948,1,0,500,0.6,1000,0.2,1400,0.2,0
0,2,512,2,10,5,0,300,0.5,1700,0.5,0
0,3,493,0,0,500,0.6,1000,0.2,1400,0.2,1
0,4,880,0,0,500,0.6,1000,0.2,1400,0.2,1
0,5,535,0,0,300,0.5,1700,0.5,1
1,0,652,2,10,5,0,300,0.5,1700,0.5,0
1,1,201,1,0,500,0.6,1000,0.2,1400,0.2,2
1,2,217,2,10,5,0,300,0.5,1700,0.5,1
1,3,954,0,0,500,0.6,1000,0.2,1400,0.2,1
1,4,747,1,0,300,0.5,1700,0.5,2
1,5,281,2,10,5,0,300,0.5,1700,0.5,0
2,0,294,1,0,500,0.6,1000,0.2,1400,0.2,0
2,1,10,0,0,300,0.5,1700,0.5,1
2,2,410,2,10,5,0,500,0.6,1000,0.2,1400,0.2,0
2,3,122,2,10,5,0,500,0.6,1000,0.2,1400,0.2,2
2,4,877,0,0,300,0.5,1700,0.5,0
2,5,579,1,0,500,0.6,1000,0.2,1400,0.2,2
3,0,541,2,10,5,0,300,0.5,1700,0.5,1
3,1,378,1,0,500,0.6,1000,0.2,1400,0.2,2
3,2,660,1,0,500,0.6,1000,0.2,1400,0.2,0
3,3,622,1,0,300,0.5,1700,0.5,0
3,4,220,2,10,5,0,500,0.6,1000,0.2,1400,0.2,0
3,5,974,1,0,500,0.6,1000,0.2,1400,0.2,0
4,0,156,2,10,5,0,300,0.5,1700,0.5,1
4,1,376,1,0,300,0.5,1700,0.5,0
4,2,206,1,0,300,0.5,1700,0.5,2
4,3,466,0,0,500,0.6,1000,0.2,1400,0.2,0
4,4,99,1,0,500,0.6,1000,0.2,1400,0.2,0
4,5,701,1,0,500,0.6,1000,0.2,1400,0.2,1
5,0,277,1,0,500,0.6,1000,0.2,1400,0.2,1
5,1,142,1,0,500,0.6,1000,0.2,1400,0.2,1
5,2,610,1,0,500,0.6,1000,0.2,1400,0.2,1
5,3,266,1,0,300,0.5,1700,0.5,2
5,4,197,2,10,5,0,300,0.5,1700,0.5,1
5,5,916,2,10,5,0,300,0.5,1700,0.5,0
