0,0,514,0,0,500,0.6,1000,0.2,1400,0.2,2
0,1,457,1,0,300,0.5,1700,0.5,0
0,2,903,1,0,300,0.5,1700,0.5,2
0,3,269,0,0,300,0.5,1700,0.5,1
0,4,328,1,0,500,0.6,1000,0.2,1400,0.2,1
0,5,330,0,0,300,0.5,1700,0.5,2
1,0,215,1,0,300,0.5,1700,0.5,0
1,1,96,2,10,5,0,300,0.5,1700,0.5,2
1,2,683,2,10,5,0,300,0.5,1700,0.5,1
1,3,60,2,10,5,0,500,0.6,1000,0.2,1400,0.2,2
1,4,496,0,0,500,0.6,1000,0.2,1400,0.2,1
1,5,984,1,0,500,0.6,1000,0.2,1400,0.2,0
2,0,134,1,0,300,0.5,1700,0.5,2
2,1,369,1,0,300,0.5,1700,0.5,1
2,2,214,2,10,5,0,300,0.5,1700,0.5,0
2,3,860,0,0,300,0.5,1700,0.5,0
2,4,171,1,0,500,0.6,1000,0.2,1400,0.2,0
2,5,470,0,0,300,0.5,1700,0.5,2
3,0,774,0,0,300,0.5,1700,0.5,0
3,1,888,1,0,500,0.6,1000,0.2,1400,0.2,2
3,2,788,2,10,5,0,500,0.6,1000,0.2,1400,0.2,0
3,3,773,2,10,5,0,300,0.5,1700,0.5,2
3,4,461,2,10,5,0,300,0.5,1700,0.5,1
3,5,560,0,0,500,0.6,1000,0.2,1400,0.2,0
4,0,458,1,0,300,0.5,1700,0.5,1
4,1,544,1,0,300,0.5,1700,0.5,1
4,2,672,1,0,300,0.5,1700,0.5,2
4,3,970,0,0,300,0.5,1700,0.5,1
4,4,90,0,0,300,0.5,1700,0.5,2
4,5,919,2,10,5,0,300,0.5,1700,0.5,0
5,0,927,1,0,500,0.6,1000,0.2,1400,0.2,2
5,1,131,0,0,500,0.6,1000,0.2,1400,0.2,1
5,2,719,2,10,5,0,300,0.5,1700,0.5,2
5,3,617,0,0,500,0.6,1000,0.2,1400,0.2,2
5,4,848,2,10,5,0,500,0.6,1000,0.2,1400,0.2,2
5,5,376,0,0,300,0.5,1700,0.5,1
