0,0,399,0,0,300,0.5,1700,0.5,1
0,1,514,2,10,5,0,300,0.5,1700,0.5,2
0,2,304,0,0,300,0.5,1700,0.5,1
0,3,826,1,0,300,0.5,1700,0.5,1
0,4,843,2,10,5,0,500,0.6,1000,0.2,1400,0.2,2
0,5,798,1,0,500,0.6,1000,0.2,1400,0.2,2
1,0,252,0,0,500,0.6,1000,0.2,1400,0.2,1
1,1,393,0,0,300,0.5,1700,0.5,2
1,2,93,2,10,5,0,500,0.6,1000,0.2,1400,0.2,1
1,3,25,0,0,300,0.5,1700,0.5,2
1,4,854,1,0,300,0.5,1700,0.5,2
1,5,613,1,0,500,0.6,1000,0.2,1400,0.2,1
2,0,948,2,10,5,0,300,0.5,1700,0.5,1
2,1,348,1,0,500,0.6,1000,0.2,1400,0.2,1
2,2,259,1,0,500,0.6,1000,0.2,1400,0.2,0
2,3,151,1,0,300,0.5,1700,0.5,2
2,4,327,1,0,300,0.5,1700,0.5,1
2,5,893,0,0,500,0.6,1000,0.2,1400,0.2,1
3,0,192,0,0,500,0.6,1000,0.2,1400,0.2,2
3,1,419,0,0,300,0.5,1700,0.5,0
3,2,539,0,0,300,0.5,1700,0.5,0
3,3,735,1,0,300,0.5,1700,0.5,2
3,4,526,0,0,300,0.5,1700,0.5,1
3,5,922,0,0,500,0.6,1000,0.2,1400,0.2,2
4,0,267,1,0,500,0.6,1000,0.2,1400,0.2,0
4,1,912,2,10,5,0,300,0.5,1700,0.5,0
4,2,493,0,0,500,0.6,1000,0.2,1400,0.2,0
4,3,224,0,0,300,0.5,1700,0.5,1
4,4,375,1,0,300,0.5,1700,0.5,0
4,5,264,1,0,500,0.6,1000,0.2,1400,0.2,0
5,0,156,1,0,500,0.6,1000,0.2,1400,0.2,2
5,1,829,2,10,5,0,300,0.5,1700,0.5,0
5,2,701,2,10,5,0,300,0.5,1700,0.5,2
5,3,125,2,10,5,0,300,0.5,1700,0.5,2
5,4,465,2,10,5,0,300,0.5,1700,0.5,2
5,5,873,1,0,500,0.6,1000,0.2,1400,0.2,1
