0,0,667,0,0,300,0.5,1700,0.5,0
0,1,266,2,10,5,0,300,0.5,1700,0.5,0
0,2,965,0,0,300,0.5,1700,0.5,0
0,3,709,1,0,500,0.6,1000,0.2,1400,0.2,1
0,4,294,1,0,300,0.5,1700,0.5,1
0,5,786,1,0,300,0.5,1700,0.5,2
1,0,738,0,0,300,0.5,1700,0.5,1
1,1,631,2,10,5,0,500,0.6,1000,0.2,1400,0.2,0
1,2,991,2,10,5,0,300,0.5,1700,0.5,2
1,3,482,2,10,5,0,500,0.6,1000,0.2,1400,0.2,0
1,4,59,0,0,500,0.6,1000,0.2,1400,0.2,1
1,5,835,0,0,500,0.6,1000,0.2,1400,0.2,2
2,0,921,0,0,500,0.6,1000,0.2,1400,0.2,1
2,1,659,2,10,5,0,500,0.6,1000,0.2,1400,0.2,1
2,2,217,0,0,500,0.6,1000,0.2,1400,0.2,2
2,3,261,1,0,500,0.6,1000,0.2,1400,0.2,2
2,4,93,0,0,300,0.5,1700,0.5,0
2,5,504,1,0,500,0.6,1000,0.2,1400,0.2,1
3,0,193,0,0,300,0.5,1700,0.5,2
3,1,969,1,0,500,0.6,1000,0.2,1400,0.2,0
3,2,496,1,0,500,0.6,1000,0.2,1400,0.2,2
3,3,299,1,0,300,0.5,1700,0.5,2
3,4,769,1,0,300,0.5,1700,0.5,2
3,5,857,2,10,5,0,300,0.5,1700,0.5,0
4,0,28,0,0,300,0.5,1700,0.5,2
4,1,826,0,0,300,0.5,1700,0.5,1
4,2,997,1,0,500,0.6,1000,0.2,1400,0.2,0
4,3,286,0,0,500,0.6,1000,0.2,1400,0.2,0
4,4,436,1,0,500,0.6,1000,0.2,1400,0.2,0
4,5,562,2,10,5,0,300,0.5,1700,0.5,2
5,0,890,1,0,300,0.5,1700,0.5,1
5,1,943,1,0,300,0.5,1700,0.5,2
5,2,214,1,0,300,0.5,1700,0.5,1
5,3,486,2,10,5,0,500,0.6,1000,0.2,1400,0.2,0
5,4,23,0,0,300,0.5,1700,0.5,0
5,5,427,2,10,5,0,300,0.5,1700,0.5,0
