0,0,502,0,0,500,0.6,1000,0.2,1400,0.2,1
0,1,748,1,0,300,0.5,1700,0.5,2
0,2,664,2,10,5,0,500,0.6,1000,0.2,1400,0.2,2
0,3,103,1,0,500,0.6,1000,0.2,1400,0.2,0
0,4,40,0,0,500,0.6,1000,0.2,1400,0.2,1
0,5,778,0,0,300,0.5,1700,0.5,0
1,0,129,2,10,5,0,300,0.5,1700,0.5,1
1,1,893,2,10,5,0,300,0.5,1700,0.5,2
1,2,486,0,0,500,0.6,1000,0.2,1400,0.2,0
1,3,412,2,10,5,0,500,0.6,1000,0.2,1400,0.2,2
1,4,299,0,0,500,0.6,1000,0.2,1400,0.2,0
1,5,786,1,0,500,0.6,1000,0.2,1400,0.2,0
2,0,916,2,10,5,0,300,0.5,1700,0.5,0
2,1,243,0,0,500,0.6,1000,0.2,1400,0.2,1
2,2,336,2,10,5,0,300,0.5,1700,0.5,2
2,3,69,0,0,500,0.6,1000,0.2,1400,0.2,1
2,4,627,0,0,500,0.6,1000,0.2,1400,0.2,2
2,5,417,1,0,500,0.6,1000,0.2,1400,0.2,0
3,0,296,2,10,5,0,500,0.6,1000,0.2,1400,0.2,2
3,1,912,2,10,5,0,500,0.6,1000,0.2,1400,0.2,2
3,2,758,2,10,5,0,500,0.6,1000,0.2,1400,0.2,0
3,3,468,1,0,300,0.5,1700,0.5,0
3,4,506,0,0,300,0.5,1700,0.5,2
3,5,772,0,0,300,0.5,1700,0.5,1
4,0,469,1,0,500,0.6,1000,0.2,1400,0.2,1
4,1,160,0,0,500,0.6,1000,0.2,1400,0.2,0
4,2,130,2,10,5,0,300,0.5,1700,0.5,0
4,3,385,1,0,500,0.6,1000,0.2,1400,0.2,0
4,4,660,2,10,5,0,300,0.5,1700,0.5,0
4,5,439,1,0,300,0.5,1700,0.5,1
5,0,967,2,10,5,0,500,0.6,1000,0.2,1400,0.2,0
5,1,609,1,0,300,0.5,1700,0.5,2
5,2,912,2,10,5,0,300,0.5,1700,0.5,0
5,3,147,0,0,500,0.6,1000,0.2,1400,0.2,1
5,4,198,1,0,300,0.5,1700,0.5,1
5,5,562,1,0,500,0.6,1000,0.2,1400,0.2,1
