0,0,604,0,0,300,0.5,1700,0.5,2
0,1,684,2,10,5,0,500,0.6,1000,0.2,1400,0.2,1
0,2,556,2,10,5,0,500,0.6,1000,0.2,1400,0.2,0
0,3,428,2,10,5,0,300,0.5,1700,0.5,2
0,4,931,0,0,500,0.6,1000,0.2,1400,0.2,1
0,5,552,1,0,300,0.5,1700,0.5,0
1,0,566,2,10,5,0,300,0.5,1700,0.5,0
1,1,750,1,0,500,0.6,1000,0.2,1400,0.2,2
1,2,116,2,10,5,0,300,0.5,1700,0.5,1
1,3,325,0,0,500,0.6,1000,0.2,1400,0.2,1
1,4,303,0,0,300,0.5,1700,0.5,1
1,5,769,2,10,5,0,500,0.6,1000,0.2,1400,0.2,0
2,0,993,1,0,300,0.5,1700,0.5,1
2,1,416,2,10,5,0,300,0.5,1700,0.5,2
2,2,427,2,10,5,0,500,0.6,1000,0.2,1400,0.2,2
2,3,363,2,10,5,0,300,0.5,1700,0.5,1
2,4,936,2,10,5,0,500,0.6,1000,0.2,1400,0.2,2
2,5,36,0,0,500,0.6,1000,0.2,1400,0.2,2
3,0,340,0,0,500,0.6,1000,0.2,1400,0.2,2
3,1,163,2,10,5,0,500,0.6,1000,0.2,1400,0.2,1
3,2,184,1,0,500,0.6,1000,0.2,1400,0.2,2
3,3,465,1,0,500,0.6,1000,0.2,1400,0.2,2
3,4,585,1,0,500,0.6,1000,0.2,1400,0.2,2
3,5,1000,0,0,500,0.6,1000,0.2,1400,0.2,2
4,0,593,1,0,300,0.5,1700,0.5,1
4,1,669,2,10,5,0,300,0.5,1700,0.5,1
4,2,201,2,10,5,0,300,0.5,1700,0.5,0
4,3,433,1,0,500,0.6,1000,0.2,1400,0.2,0
4,4,548,2,10,5,0,300,0.5,1700,0.5,2
4,5,601,1,0,300,0.5,1700,0.5,0
5,0,569,1,0,500,0.6,1000,0.2,1400,0.2,1
5,1,967,1,0,300,0.5,1700,0.5,0
5,2,438,2,10,5,0,300,0.5,1700,0.5,1
5,3,257,0,0,300,0.5,1700,0.5,1
5,4,232,2,10,5,0,300,0.5,1700,0.5,0
5,5,202,0,0,300,0.5,1700,0.5,1
