0,0,335,2,10,5,0,300,0.5,1700,0.5,2
0,1,967,0,0,300,0.5,1700,0.5,0
0,2,866,2,10,5,0,300,0.5,1700,0.5,0
0,3,460,2,10,5,0,500,0.6,1000,0.2,1400,0.2,0
0,4,365,2,10,5,0,300,0.5,1700,0.5,0
0,5,355,0,0,500,0.6,1000,0.2,1400,0.2,1
1,0,433,1,0,500,0.6,1000,0.2,1400,0.2,0
1,1,925,0,0,300,0.5,1700,0.5,0
1,2,31,0,0,500,0.6,1000,0.2,1400,0.2,0
1,3,626,1,0,300,0.5,1700,0.5,2
1,4,130,0,0,300,0.5,1700,0.5,0
1,5,62,2,10,5,0,300,0.5,1700,0.5,1
2,0,814,0,0,500,0.6,1000,0.2,1400,0.2,1
2,1,657,1,0,500,0.6,1000,0.2,1400,0.2,1
2,2,12,2,10,5,0,500,0.6,1000,0.2,1400,0.2,0
2,3,181,1,0,500,0.6,1000,0.2,1400,0.2,1
2,4,403,0,0,500,0.6,1000,0.2,1400,0.2,2
2,5,604,1,0,500,0.6,1000,0.2,1400,0.2,0
3,0,228,0,0,500,0.6,1000,0.2,1400,0.2,0
3,1,657,0,0,300,0.5,1700,0.5,2
3,2,869,2,10,5,0,300,0.5,1700,0.5,2
3,3,96,1,0,500,0.6,1000,0.2,1400,0.2,2
3,4,138,1,0,300,0.5,1700,0.5,2
3,5,927,1,0,300,0.5,1700,0.5,2
4,0,137,0,0,300,0.5,1700,0.5,1
4,1,912,1,0,300,0.5,1700,0.5,1
4,2,474,2,10,5,0,300,0.5,1700,0.5,1
4,3,609,2,10,5,0,500,0.6,1000,0.2,1400,0.2,0
4,4,285,1,0,500,0.6,1000,0.2,1400,0.2,2
4,5,99,0,0,500,0.6,1000,0.2,1400,0.2,0
5,0,805,2,10,5,0,500,0.6,1000,0.2,1400,0.2,2
5,1,512,1,0,500,0.6,1000,0.2,1400,0.2,0
5,2,544,1,0,300,0.5,1700,0.5,1
5,3,241,1,0,500,0.6,1000,0.2,1400,0.2,2
5,4,463,1,0,500,0.6,1000,0.2,1400,0.2,1
5,5,568,1,0,500,0.6,1000,0.2,1400,0.2,1
