0,0,278,2,10,5,0,300,0.5,1700,0.5,0
0,1,476,0,0,500,0.6,1000,0.2,1400,0.2,1
0,2,716,0,0,300,0.5,1700,0.5,1
0,3,909,2,10,5,0,500,0.6,1000,0.2,1400,0.2,1
0,4,533,2,10,5,0,500,0.6,1000,0.2,1400,0.2,0
0,5,371,2,10,5,0,300,0.5,1700,0.5,1
0,6,918,1,0,300,0.5,1700,0.5,0
1,0,314,2,10,5,0,300,0.5,1700,0.5,0
1,1,202,0,0,500,0.6,1000,0.2,1400,0.2,1
1,2,297,0,0,500,0.6,1000,0.2,1400,0.2,2
1,3,998,1,0,500,0.6,1000,0.2,1400,0.2,2
1,4,867,1,0,300,0.5,1700,0.5,0
1,5,781,2,10,5,0,300,0.5,1700,0.5,2
1,6,190,1,0,300,0.5,1700,0.5,0
2,0,124,0,0,500,0.6,1000,0.2,1400,0.2,1
2,1,567,0,0,500,0.6,1000,0.2,1400,0.2,0
2,2,943,0,0,300,0.5,1700,0.5,2
2,3,826,0,0,300,0.5,1700,0.5,2
2,4,662,0,0,300,0.5,1700,0.5,1
2,5,274,1,0,500,0.6,1000,0.2,1400,0.2,2
2,6,515,1,0,500,0.6,1000,0.2,1400,0.2,1
3,0,220,2,10,5,0,500,0.6,1000,0.2,1400,0.2,2
3,1,532,0,0,500,0.6,1000,0.2,1400,0.2,2
3,2,322,0,0,300,0.5,1700,0.5,2
3,3,864,0,0,500,0.6,1000,0.2,1400,0.2,0
3,4,265,2,10,5,0,500,0.6,1000,0.2,1400,0.2,2
3,5,787,1,0,300,0.5,1700,0.5,2
3,6,694,1,0,500,0.6,1000,0.2,1400,0.2,1
4,0,241,2,10,5,0,500,0.6,1000,0.2,1400,0.2,2
4,1,758,1,0,300,0.5,1700,0.5,2
4,2,736,0,0,500,0.6,1000,0.2,1400,0.2,1
4,3,88,0,0,300,0.5,1700,0.5,0
4,4,364,2,10,5,0,500,0.6,1000,0.2,1400,0.2,2
4,5,978,2,10,5,0,300,0.5,1700,0.5,2
4,6,562,1,0,500,0.6,1000,0.2,1400,0.2,0
5,0,362,2,10,5,0,500,0.6,1000,0.2,1400,0.2,1
5,1,32,0,0,300,0.5,1700,0.5,1
5,2,891,0,0,500,0.6,1000,0.2,1400,0.2,1
5,3,775,0,0,300,0.5,1700,0.5,1
5,4,260,0,0,500,0.6,1000,0.2,1400,0.2,2
5,5,733,1,0,500,0.6,1000,0.2,1400,0.2,0
5,6,227,0,0,500,0.6,1000,0.2,1400,0.2,0
6,0,631,1,0,500,0.6,1000,0.2,1400,0.2,1
6,1,795,2,10,5,0,500,0.6,1000,0.2,1400,0.2,1
6,2,825,0,0,500,0.6,1000,0.2,1400,0.2,1
6,3,11,1,0,500,0.6,1000,0.2,1400,0.2,0
6,4,191,2,10,5,0,500,0.6,1000,0.2,1400,0.2,2
6,5,609,1,0,500,0.6,1000,0.2,1400,0.2,0
6,6,263,0,0,500,0.6,1000,0.2,1400,0.2,1
