0,0,450,2,10,5,0,300,0.5,1700,0.5,0
0,1,788,0,0,500,0.6,1000,0.2,1400,0.2,0
0,2,508,0,0,300,0.5,1700,0.5,0
0,3,996,0,0,500,0.6,1000,0.2,1400,0.2,2
0,4,224,2,10,5,0,300,0.5,1700,0.5,0
0,5,913,0,0,500,0.6,1000,0.2,1400,0.2,0
0,6,1000,2,10,5,0,500,0.6,1000,0.2,1400,0.2,2
1,0,966,0,0,500,0.6,1000,0.2,1400,0.2,0
1,1,340,1,0,500,0.6,1000,0.2,1400,0.2,0
1,2,231,2,10,5,0,300,0.5,1700,0.5,2
1,3,296,2,10,5,0,500,0.6,1000,0.2,1400,0.2,0
1,4,44,1,0,500,0.6,1000,0.2,1400,0.2,0
1,5,351,2,10,5,0,300,0.5,1700,0.5,1
1,6,75,0,0,300,0.5,1700,0.5,0
2,0,282,2,10,5,0,500,0.6,1000,0.2,1400,0.2,1
2,1,623,1,0,500,0.6,1000,0.2,1400,0.2,1
2,2,860,2,10,5,0,300,0.5,1700,0.5,1
2,3,851,2,10,5,0,300,0.5,1700,0.5,1
2,4,752,0,0,500,0.6,1000,0.2,1400,0.2,2
2,5,704,1,0,300,0.5,1700,0.5,1
2,6,939,0,0,300,0.5,1700,0.5,0
3,0,54,2,10,5,0,300,0.5,1700,0.5,1
3,1,398,0,0,500,0.6,1000,0.2,1400,0.2,1
3,2,935,1,0,300,0.5,1700,0.5,0
3,3,458,1,0,500,0.6,1000,0.2,1400,0.2,0
3,4,524,1,0,500,0.6,1000,0.2,1400,0.2,1
3,5,272,1,0,500,0.6,1000,0.2,1400,0.2,0
3,6,933,0,0,500,0.6,1000,0.2,1400,0.2,2
4,0,182,2,10,5,0,500,0.6,1000,0.2,1400,0.2,1
4,1,971,0,0,500,0.6,1000,0.2,1400,0.2,2
4,2,647,2,10,5,0,300,0.5,1700,0.5,0
4,3,511,2,10,5,0,300,0.5,1700,0.5,1
4,4,998,0,0,300,0.5,1700,0.5,0
4,5,697,2,10,5,0,500,0.6,1000,0.2,1400,0.2,1
4,6,288,1,0,300,0.5,1700,0.5,1
5,0,531,0,0,300,0.5,1700,0.5,2
5,1,930,0,0,300,0.5,1700,0.5,1
5,2,404,0,0,300,0.5,1700,0.5,0
5,3,128,0,0,500,0.6,1000,0.2,1400,0.2,2
5,4,479,1,0,500,0.6,1000,0.2,1400,0.2,1
5,5,401,2,10,5,0,500,0.6,1000,0.2,1400,0.2,1
5,6,568,2,10,5,0,300,0.5,1700,0.5,2
6,0,815,2,10,5,0,300,0.5,1700,0.5,2
6,1,594,0,0,300,0.5,1700,0.5,0
6,2,604,2,10,5,0,300,0.5,1700,0.5,2
6,3,44,2,10,5,0,500,0.6,1000,0.2,1400,0.2,1
6,4,475,0,0,300,0.5,1700,0.5,1
6,5,460,0,0,300,0.5,1700,0.5,2
6,6,95,2,10,5,0,500,0.6,1000,0.2,1400,0.2,0
