0,0,684,1,0,300,0.5,1700,0.5,1
0,1,748,1,0,500,0.6,1000,0.2,1400,0.2,2
0,2,632,1,0,500,0.6,1000,0.2,1400,0.2,0
0,3,615,2,10,5,0,300,0.5,1700,0.5,0
0,4,888,0,0,500,0.6,1000,0.2,1400,0.2,2
0,5,75,0,0,500,0.6,1000,0.2,1400,0.2,2
0,6,84,0,0,500,0.6,1000,0.2,1400,0.2,0
1,0,252,2,10,5,0,500,0.6,1000,0.2,1400,0.2,2
1,1,692,0,0,500,0.6,1000,0.2,1400,0.2,0
1,2,758,2,10,5,0,500,0.6,1000,0.2,1400,0.2,1
1,3,799,1,0,300,0.5,1700,0.5,0
1,4,641,0,0,300,0.5,1700,0.5,0
1,5,421,1,0,300,0.5,1700,0.5,0
1,6,886,1,0,300,0.5,1700,0.5,0
2,0,547,0,0,500,0.6,1000,0.2,1400,0.2,2
2,1,102,1,0,500,0.6,1000,0.2,1400,0.2,1
2,2,281,0,0,300,0.5,1700,0.5,1
2,3,758,1,0,500,0.6,1000,0.2,1400,0.2,0
2,4,979,0,0,300,0.5,1700,0.5,0
2,5,659,2,10,5,0,300,0.5,1700,0.5,1
2,6,700,2,10,5,0,300,0.5,1700,0.5,1
3,0,455,0,0,500,0.6,1000,0.2,1400,0.2,2
3,1,416,2,10,5,0,300,0.5,1700,0.5,1
3,2,731,0,0,300,0.5,1700,0.5,1
3,3,626,0,0,500,0.6,1000,0.2,1400,0.2,1
3,4,852,1,0,300,0.5,1700,0.5,2
3,5,217,2,10,5,0,500,0.6,1000,0.2,1400,0.2,1
3,6,995,0,0,300,0.5,1700,0.5,0
4,0,32,1,0,500,0.6,1000,0.2,1400,0.2,0
4,1,72,1,0,500,0.6,1000,0.2,1400,0.2,2
4,2,43,0,0,300,0.5,1700,0.5,2
4,3,269,2,10,5,0,500,0.6,1000,0.2,1400,0.2,1
4,4,394,2,10,5,0,500,0.6,1000,0.2,1400,0.2,1
4,5,132,1,0,300,0.5,1700,0.5,1
4,6,766,1,0,500,0.6,1000,0.2,1400,0.2,0
5,0,744,1,0,300,0.5,1700,0.5,1
5,1,717,2,10,5,0,500,0.6,1000,0.2,1400,0.2,0
5,2,558,2,10,5,0,300,0.5,1700,0.5,0
5,3,587,1,0,500,0.6,1000,0.2,1400,0.2,1
5,4,191,2,10,5,0,500,0.6,1000,0.2,1400,0.2,0
5,5,655,0,0,500,0.6,1000,0.2,1400,0.2,1
5,6,589,0,0,300,0.5,1700,0.5,2
6,0,788,1,0,300,0.5,1700,0.5,2
6,1,324,2,10,5,0,300,0.5,1700,0.5,1
6,2,324,1,0,500,0.6,1000,0.2,1400,0.2,0
6,3,762,1,0,300,0.5,1700,0.5,1
6,4,928,0,0,500,0.6,1000,0.2,1400,0.2,0
6,5,13,2,10,5,0,300,0.5,1700,0.5,1
6,6,252,2,10,5,0,500,0.6,1000,0.2,1400,0.2,1
