0,0,727,2,10,5,0,300,0.5,1700,0.5,2
0,1,783,2,10,5,0,500,0.6,1000,0.2,1400,0.2,2
0,2,832,0,0,300,0.5,1700,0.5,2
0,3,635,0,0,500,0.6,1000,0.2,1400,0.2,0
0,4,65,0,0,300,0.5,1700,0.5,2
0,5,588,1,0,500,0.6,1000,0.2,1400,0.2,2
0,6,67,2,10,5,0,500,0.6,1000,0.2,1400,0.2,0
1,0,602,1,0,500,0.6,1000,0.2,1400,0.2,2
1,1,418,1,0,500,0.6,1000,0.2,1400,0.2,1
1,2,311,0,0,300,0.5,1700,0.5,2
1,3,277,2,10,5,0,300,0.5,1700,0.5,0
1,4,485,2,10,5,0,300,0.5,1700,0.5,1
1,5,332,2,10,5,0,300,0.5,1700,0.5,1
1,6,245,2,10,5,0,300,0.5,1700,0.5,0
2,0,688,2,10,5,0,300,0.5,1700,0.5,2
2,1,733,1,0,300,0.5,1700,0.5,1
2,2,549,0,0,500,0.6,1000,0.2,1400,0.2,2
2,3,307,1,0,500,0.6,1000,0.2,1400,0.2,2
2,4,372,0,0,500,0.6,1000,0.2,1400,0.2,2
2,5,510,0,0,300,0.5,1700,0.5,2
2,6,272,1,0,500,0.6,1000,0.2,1400,0.2,0
3,0,70,2,10,5,0,500,0.6,1000,0.2,1400,0.2,0
3,1,731,1,0,300,0.5,1700,0.5,1
3,2,395,2,10,5,0,500,0.6,1000,0.2,1400,0.2,0
3,3,971,1,0,500,0.6,1000,0.2,1400,0.2,1
3,4,259,1,0,300,0.5,1700,0.5,2
3,5,551,1,0,500,0.6,1000,0.2,1400,0.2,2
3,6,665,0,0,300,0.5,1700,0.5,0
4,0,612,1,0,300,0.5,1700,0.5,2
4,1,493,0,0,300,0.5,1700,0.5,2
4,2,552,2,10,5,0,500,0.6,1000,0.2,1400,0.2,0
4,3,204,2,10,5,0,500,0.6,1000,0.2,1400,0.2,1
4,4,78,2,10,5,0,300,0.5,1700,0.5,2
4,5,595,1,0,300,0.5,1700,0.5,2
4,6,355,0,0,300,0.5,1700,0.5,0
5,0,419,2,10,5,0,500,0.6,1000,0.2,1400,0.2,1
5,1,61,0,0,500,0.6,1000,0.2,1400,0.2,1
5,2,569,0,0,300,0.5,1700,0.5,2
5,3,272,2,10,5,0,300,0.5,1700,0.5,1
5,4,184,0,0,500,0.6,1000,0.2,1400,0.2,1
5,5,181,2,10,5,0,300,0.5,1700,0.5,0
5,6,893,2,10,5,0,300,0.5,1700,0.5,0
6,0,598,1,0,500,0.6,1000,0.2,1400,0.2,2
6,1,388,1,0,300,0.5,1700,0.5,0
6,2,386,2,10,5,0,300,0.5,1700,0.5,1
6,3,911,2,10,5,0,300,0.5,1700,0.5,2
6,4,623,2,10,5,0,500,0.6,1000,0.2,1400,0.2,1
6,5,41,0,0,500,0.6,1000,0.2,1400,0.2,2
6,6,270,0,0,300,0.5,1700,0.5,1
