0,0,559,0,0,300,0.5,1700,0.5,2
0,1,376,2,10,5,0,300,0.5,1700,0.5,1
0,2,917,0,0,500,0.6,1000,0.2,1400,0.2,1
0,3,515,2,10,5,0,300,0.5,1700,0.5,0
0,4,663,0,0,500,0.6,1000,0.2,1400,0.2,1
0,5,945,1,0,300,0.5,1700,0.5,0
0,6,158,0,0,300,0.5,1700,0.5,1
1,0,707,1,0,500,0.6,1000,0.2,1400,0.2,1
1,1,326,0,0,300,0.5,1700,0.5,2
1,2,526,1,0,300,0.5,1700,0.5,1
1,3,45,1,0,500,0.6,1000,0.2,1400,0.2,0
1,4,44,1,0,300,0.5,1700,0.5,1
1,5,979,2,10,5,0,500,0.6,1000,0.2,1400,0.2,0
1,6,198,1,0,300,0.5,1700,0.5,1
2,0,67,1,0,300,0.5,1700,0.5,0
2,1,338,1,0,500,0.6,1000,0.2,1400,0.2,1
2,2,169,0,0,300,0.5,1700,0.5,0
2,3,490,1,0,500,0.6,1000,0.2,1400,0.2,1
2,4,25,2,10,5,0,300,0.5,1700,0.5,0
2,5,603,2,10,5,0,300,0.5,1700,0.5,0
2,6,638,2,10,5,0,500,0.6,1000,0.2,1400,0.2,2
3,0,663,2,10,5,0,500,0.6,1000,0.2,1400,0.2,2
3,1,377,1,0,300,0.5,1700,0.5,2
3,2,575,0,0,300,0.5,1700,0.5,2
3,3,238,0,0,300,0.5,1700,0.5,2
3,4,167,0,0,500,0.6,1000,0.2,1400,0.2,1
3,5,476,1,0,500,0.6,1000,0.2,1400,0.2,2
3,6,264,0,0,300,0.5,1700,0.5,1
4,0,744,0,0,500,0.6,1000,0.2,1400,0.2,0
4,1,747,1,0,500,0.6,1000,0.2,1400,0.2,0
4,2,982,0,0,500,0.6,1000,0.2,1400,0.2,1
4,3,72,2,10,5,0,500,0.6,1000,0.2,1400,0.2,2
4,4,645,1,0,300,0.5,1700,0.5,1
4,5,277,0,0,300,0.5,1700,0.5,2
4,6,887,0,0,300,0.5,1700,0.5,0
5,0,985,0,0,300,0.5,1700,0.5,1
5,1,130,2,10,5,0,300,0.5,1700,0.5,1
5,2,548,1,0,300,0.5,1700,0.5,1
5,3,20,1,0,500,0.6,1000,0.2,1400,0.2,0
5,4,829,0,0,500,0.6,1000,0.2,1400,0.2,1
5,5,339,1,0,500,0.6,1000,0.2,1400,0.2,2
5,6,972,1,0,500,0.6,1000,0.2,1400,0.2,2
6,0,148,2,10,5,0,300,0.5,1700,0.5,2
6,1,548,0,0,500,0.6,1000,0.2,1400,0.2,1
6,2,69,0,0,500,0.6,1000,0.2,1400,0.2,0
6,3,622,0,0,500,0.6,1000,0.2,1400,0.2,0
6,4,197,2,10,5,0,500,0.6,1000,0.2,1400,0.2,2
6,5,430,0,0,300,0.5,1700,0.5,0
6,6,612,2,10,5,0,300,0.5,1700,0.5,1
