0,0,676,1,0,300,0.5,1700,0.5,0
0,1,220,1,0,300,0.5,1700,0.5,1
0,2,754,0,0,500,0.6,1000,0.2,1400,0.2,0
0,3,139,0,0,300,0.5,1700,0.5,0
0,4,853,0,0,300,0.5,1700,0.5,0
0,5,767,2,10,5,0,300,0.5,1700,0.5,0
0,6,769,2,10,5,0,300,0.5,1700,0.5,1
1,0,444,1,0,500,0.6,1000,0.2,1400,0.2,1
1,1,633,0,0,500,0.6,1000,0.2,1400,0.2,2
1,2,646,2,10,5,0,500,0.6,1000,0.2,1400,0.2,2
1,3,456,1,0,500,0.6,1000,0.2,1400,0.2,2
1,4,888,0,0,500,0.6,1000,0.2,1400,0.2,0
1,5,998,2,10,5,0,500,0.6,1000,0.2,1400,0.2,1
1,6,328,1,0,500,0.6,1000,0.2,1400,0.2,0
2,0,752,1,0,300,0.5,1700,0.5,2
2,1,959,1,0,500,0.6,1000,0.2,1400,0.2,2
2,2,769,2,10,5,0,500,0.6,1000,0.2,1400,0.2,1
2,3,535,1,0,500,0.6,1000,0.2,1400,0.2,2
2,4,397,0,0,300,0.5,1700,0.5,1
2,5,950,2,10,5,0,300,0.5,1700,0.5,1
2,6,744,0,0,500,0.6,1000,0.2,1400,0.2,0
3,0,393,0,0,500,0.6,1000,0.2,1400,0.2,1
3,1,639,0,0,500,0.6,1000,0.2,1400,0.2,1
3,2,250,1,0,500,0.6,1000,0.2,1400,0.2,2
3,3,397,0,0,300,0.5,1700,0.5,0
3,4,634,0,0,300,0.5,1700,0.5,1
3,5,101,1,0,500,0.6,1000,0.2,1400,0.2,0
3,6,130,0,0,500,0.6,1000,0.2,1400,0.2,1
4,0,660,1,0,500,0.6,1000,0.2,1400,0.2,1
4,1,397,2,10,5,0,500,0.6,1000,0.2,1400,0.2,0
4,2,462,0,0,500,0.6,1000,0.2,1400,0.2,2
4,3,938,0,0,500,0.6,1000,0.2,1400,0.2,1
4,4,332,0,0,500,0.6,1000,0.2,1400,0.2,1
4,5,237,0,0,500,0.6,1000,0.2,1400,0.2,0
4,6,604,0,0,500,0.6,1000,0.2,1400,0.2,0
5,0,309,2,10,5,0,300,0.5,1700,0.5,1
5,1,135,0,0,300,0.5,1700,0.5,1
5,2,228,0,0,500,0.6,1000,0.2,1400,0.2,1
5,3,355,1,0,300,0.5,1700,0.5,0
5,4,460,1,0,300,0.5,1700,0.5,1
5,5,411,0,0,500,0.6,1000,0.2,1400,0.2,0
5,6,325,2,10,5,0,300,0.5,1700,0.5,0
6,0,850,1,0,500,0.6,1000,0.2,1400,0.2,2
6,1,644,1,0,300,0.5,1700,0.5,1
6,2,25,2,10,5,0,500,0.6,1000,0.2,1400,0.2,2
6,3,651,2,10,5,0,500,0.6,1000,0.2,1400,0.2,1
6,4,479,0,0,500,0.6,1000,0.2,1400,0.2,0
6,5,464,2,10,5,0,500,0.6,1000,0.2,1400,0.2,1
6,6,250,1,0,300,0.5,1700,0.5,1
