0,0,270,2,10,5,0,500,0.6,1000,0.2,1400,0.2,0
0,1,804,1,0,300,0.5,1700,0.5,0
0,2,64,2,10,5,0,500,0.6,1000,0.2,1400,0.2,2
0,3,711,2,10,5,0,500,0.6,1000,0.2,1400,0.2,1
0,4,255,2,10,5,0,500,0.6,1000,0.2,1400,0.2,1
0,5,610,1,0,500,0.6,1000,0.2,1400,0.2,1
0,6,462,2,10,5,0,300,0.5,1700,0.5,2
1,0,734,1,0,500,0.6,1000,0.2,1400,0.2,2
1,1,48,0,0,300,0.5,1700,0.5,0
1,2,338,0,0,500,0.6,1000,0.2,1400,0.2,2
1,3,766,2,10,5,0,500,0.6,1000,0.2,1400,0.2,2
1,4,911,1,0,300,0.5,1700,0.5,1
1,5,522,0,0,500,0.6,1000,0.2,1400,0.2,2
1,6,943,2,10,5,0,300,0.5,1700,0.5,0
2,0,710,0,0,300,0.5,1700,0.5,1
2,1,503,1,0,300,0.5,1700,0.5,0
2,2,732,1,0,300,0.5,1700,0.5,2
2,3,632,0,0,300,0.5,1700,0.5,2
2,4,838,1,0,500,0.6,1000,0.2,1400,0.2,0
2,5,77,1,0,300,0.5,1700,0.5,2
2,6,496,1,0,300,0.5,1700,0.5,0
3,0,515,2,10,5,0,300,0.5,1700,0.5,2
3,1,631,2,10,5,0,300,0.5,1700,0.5,1
3,2,345,1,0,500,0.6,1000,0.2,1400,0.2,1
3,3,117,0,0,300,0.5,1700,0.5,2
3,4,725,0,0,300,0.5,1700,0.5,1
3,5,634,2,10,5,0,300,0.5,1700,0.5,0
3,6,221,2,10,5,0,500,0.6,1000,0.2,1400,0.2,0
4,0,562,0,0,300,0.5,1700,0.5,1
4,1,57,0,0,300,0.5,1700,0.5,0
4,2,661,1,0,500,0.6,1000,0.2,1400,0.2,2
4,3,500,2,10,5,0,500,0.6,1000,0.2,1400,0.2,2
4,4,370,2,10,5,0,300,0.5,1700,0.5,2
4,5,426,2,10,5,0,300,0.5,1700,0.5,1
4,6,880,2,10,5,0,300,0.5,1700,0.5,1
5,0,990,1,0,300,0.5,1700,0.5,2
5,1,930,0,0,300,0.5,1700,0.5,1
5,2,55,0,0,500,0.6,1000,0.2,1400,0.2,1
5,3,706,0,0,500,0.6,1000,0.2,1400,0.2,0
5,4,108,1,0,500,0.6,1000,0.2,1400,0.2,2
5,5,366,2,10,5,0,300,0.5,1700,0.5,0
5,6,96,2,10,5,0,500,0.6,1000,0.2,1400,0.2,1
6,0,779,0,0,300,0.5,1700,0.5,2
6,1,986,1,0,500,0.6,1000,0.2,1400,0.2,0
6,2,756,1,0,500,0.6,1000,0.2,1400,0.2,0
6,3,652,1,0,500,0.6,1000,0.2,1400,0.2,0
6,4,362,0,0,500,0.6,1000,0.2,1400,0.2,0
6,5,210,0,0,300,0.5,1700,0.5,2
6,6,862,1,0,500,0.6,1000,0.2,1400,0.2,2
