0,0,585,2,10,5,0,300,0.5,1700,0.5,1
0,1,115,1,0,300,0.5,1700,0.5,0
0,2,28,2,10,5,0,300,0.5,1700,0.5,2
0,3,504,2,10,5,0,500,0.6,1000,0.2,1400,0.2,0
0,4,277,1,0,300,0.5,1700,0.5,0
0,5,582,2,10,5,0,500,0.6,1000,0.2,1400,0.2,1
0,6,850,2,10,5,0,500,0.6,1000,0.2,1400,0.2,1
1,0,873,0,0,300,0.5,1700,0.5,1
1,1,162,2,10,5,0,300,0.5,1700,0.5,1
1,2,357,1,0,300,0.5,1700,0.5,1
1,3,609,0,0,500,0.6,1000,0.2,1400,0.2,1
1,4,944,1,0,500,0.6,1000,0.2,1400,0.2,1
1,5,598,1,0,300,0.5,1700,0.5,2
1,6,832,1,0,500,0.6,1000,0.2,1400,0.2,0
2,0,308,2,10,5,0,500,0.6,1000,0.2,1400,0.2,1
2,1,327,1,0,300,0.5,1700,0.5,2
2,2,399,0,0,500,0.6,1000,0.2,1400,0.2,0
2,3,812,1,0,300,0.5,1700,0.5,0
2,4,45,2,10,5,0,300,0.5,1700,0.5,1
2,5,590,2,10,5,0,500,0.6,1000,0.2,1400,0.2,2
2,6,703,0,0,500,0.6,1000,0.2,1400,0.2,0
3,0,536,1,0,500,0.6,1000,0.2,1400,0.2,2
3,1,915,0,0,500,0.6,1000,0.2,1400,0.2,2
3,2,747,1,0,500,0.6,1000,0.2,1400,0.2,0
3,3,688,1,0,300,0.5,1700,0.5,0
3,4,17,0,0,300,0.5,1700,0.5,2
3,5,880,0,0,300,0.5,1700,0.5,1
3,6,938,1,0,500,0.6,1000,0.2,1400,0.2,2
4,0,451,0,0,300,0.5,1700,0.5,0
4,1,711,0,0,500,0.6,1000,0.2,1400,0.2,1
4,2,392,2,10,5,0,300,0.5,1700,0.5,1
4,3,450,0,0,500,0.6,1000,0.2,1400,0.2,1
4,4,651,0,0,300,0.5,1700,0.5,0
4,5,879,2,10,5,0,500,0.6,1000,0.2,1400,0.2,2
4,6,583,0,0,300,0.5,1700,0.5,2
5,0,45,0,0,500,0.6,1000,0.2,1400,0.2,2
5,1,365,0,0,300,0.5,1700,0.5,2
5,2,496,0,0,500,0.6,1000,0.2,1400,0.2,1
5,3,386,1,0,300,0.5,1700,0.5,1
5,4,507,2,10,5,0,500,0.6,1000,0.2,1400,0.2,1
5,5,721,1,0,300,0.5,1700,0.5,0
5,6,352,1,0,300,0.5,1700,0.5,2
6,0,438,0,0,500,0.6,1000,0.2,1400,0.2,0
6,1,95,0,0,300,0.5,1700,0.5,2
6,2,144,1,0,300,0.5,1700,0.5,1
6,3,17,1,0,500,0.6,1000,0.2,1400,0.2,0
6,4,474,2,10,5,0,300,0.5,1700,0.5,0
6,5,227,2,10,5,0,500,0.6,1000,0.2,1400,0.2,0
6,6,764,0,0,300,0.5,1700,0.5,0
