0,0,419,0,0,500,0.6,1000,0.2,1400,0.2,2
0,1,932,2,10,5,0,300,0.5,1700,0.5,0
0,2,90,1,0,300,0.5,1700,0.5,2
0,3,417,1,0,300,0.5,1700,0.5,1
0,4,292,1,0,500,0.6,1000,0.2,1400,0.2,2
0,5,736,2,10,5,0,500,0.6,1000,0.2,1400,0.2,0
0,6,968,2,10,5,0,300,0.5,1700,0.5,0
1,0,174,2,10,5,0,500,0.6,1000,0.2,1400,0.2,2
1,1,971,2,10,5,0,300,0.5,1700,0.5,1
1,2,598,1,0,300,0.5,1700,0.5,0
1,3,523,0,0,300,0.5,1700,0.5,0
1,4,23,0,0,300,0.5,1700,0.5,0
1,5,836,2,10,5,0,300,0.5,1700,0.5,0
1,6,358,0,0,500,0.6,1000,0.2,1400,0.2,2
2,0,834,1,0,300,0.5,1700,0.5,2
2,1,120,1,0,500,0.6,1000,0.2,1400,0.2,2
2,2,503,2,10,5,0,300,0.5,1700,0.5,1
2,3,472,2,10,5,0,500,0.6,1000,0.2,1400,0.2,1
2,4,194,0,0,300,0.5,1700,0.5,1
2,5,144,0,0,300,0.5,1700,0.5,0
2,6,416,2,10,5,0,500,0.6,1000,0.2,1400,0.2,2
3,0,398,1,0,300,0.5,1700,0.5,2
3,1,721,2,10,5,0,300,0.5,1700,0.5,0
3,2,880,1,0,300,0.5,1700,0.5,1
3,3,736,0,0,500,0.6,1000,0.2,1400,0.2,1
3,4,989,1,0,300,0.5,1700,0.5,1
3,5,659,2,10,5,0,300,0.5,1700,0.5,2
3,6,517,1,0,500,0.6,1000,0.2,1400,0.2,2
4,0,718,0,0,500,0.6,1000,0.2,1400,0.2,0
4,1,792,2,10,5,0,300,0.5,1700,0.5,1
4,2,936,1,0,300,0.5,1700,0.5,2
4,3,562,1,0,300,0.5,1700,0.5,2
4,4,99,1,0,300,0.5,1700,0.5,1
4,5,239,0,0,500,0.6,1000,0.2,1400,0.2,2
4,6,304,2,10,5,0,500,0.6,1000,0.2,1400,0.2,1
5,0,403,1,0,300,0.5,1700,0.5,1
5,1,20,0,0,500,0.6,1000,0.2,1400,0.2,0
5,2,100,2,10,5,0,300,0.5,1700,0.5,0
5,3,411,1,0,300,0.5,1700,0.5,0
5,4,719,1,0,300,0.5,1700,0.5,1
5,5,559,0,0,500,0.6,1000,0.2,1400,0.2,0
5,6,808,0,0,500,0.6,1000,0.2,1400,0.2,1
6,0,646,1,0,500,0.6,1000,0.2,1400,0.2,2
6,1,740,1,0,300,0.5,1700,0.5,2
6,2,755,0,0,500,0.6,1000,0.2,1400,0.2,1
6,3,493,2,10,5,0,500,0.6,1000,0.2,1400,0.2,0
6,4,219,0,0,500,0.6,1000,0.2,1400,0.2,2
6,5,576,1,0,300,0.5,1700,0.5,0
6,6,622,2,10,5,0,500,0.6,1000,0.2,1400,0.2,0
