0,0,941,2,10,5,0,300,0.5,1700,0.5,1
0,1,529,1,0,300,0.5,1700,0.5,2
0,2,405,0,0,300,0.5,1700,0.5,0
0,3,911,2,10,5,0,500,0.6,1000,0.2,1400,0.2,1
0,4,111,2,10,5,0,300,0.5,1700,0.5,0
0,5,278,0,0,500,0.6,1000,0.2,1400,0.2,1
0,6,463,0,0,500,0.6,1000,0.2,1400,0.2,0
1,0,684,0,0,500,0.6,1000,0.2,1400,0.2,0
1,1,232,0,0,500,0.6,1000,0.2,1400,0.2,0
1,2,928,0,0,500,0.6,1000,0.2,1400,0.2,1
1,3,326,0,0,300,0.5,1700,0.5,0
1,4,398,2,10,5,0,500,0.6,1000,0.2,1400,0.2,1
1,5,646,1,0,300,0.5,1700,0.5,1
1,6,124,0,0,500,0.6,1000,0.2,1400,0.2,1
2,0,886,2,10,5,0,300,0.5,1700,0.5,0
2,1,494,0,0,300,0.5,1700,0.5,2
2,2,940,1,0,500,0.6,1000,0.2,1400,0.2,0
2,3,833,2,10,5,0,300,0.5,1700,0.5,2
2,4,511,1,0,500,0.6,1000,0.2,1400,0.2,1
2,5,674,2,10,5,0,300,0.5,1700,0.5,2
2,6,804,2,10,5,0,300,0.5,1700,0.5,2
3,0,568,0,0,500,0.6,1000,0.2,1400,0.2,0
3,1,798,2,10,5,0,300,0.5,1700,0.5,2
3,2,377,1,0,500,0.6,1000,0.2,1400,0.2,0
3,3,946,2,10,5,0,500,0.6,1000,0.2,1400,0.2,1
3,4,314,2,10,5,0,500,0.6,1000,0.2,1400,0.2,2
3,5,299,2,10,5,0,300,0.5,1700,0.5,1
3,6,115,1,0,500,0.6,1000,0.2,1400,0.2,1
4,0,788,1,0,300,0.5,1700,0.5,2
4,1,303,2,10,5,0,300,0.5,1700,0.5,1
4,2,733,1,0,300,0.5,1700,0.5,2
4,3,588,1,0,500,0.6,1000,0.2,1400,0.2,1
4,4,409,2,10,5,0,500,0.6,1000,0.2,1400,0.2,2
4,5,682,1,0,500,0.6,1000,0.2,1400,0.2,1
4,6,620,0,0,300,0.5,1700,0.5,1
5,0,663,0,0,500,0.6,1000,0.2,1400,0.2,2
5,1,569,1,0,300,0.5,1700,0.5,0
5,2,964,1,0,500,0.6,1000,0.2,1400,0.2,2
5,3,495,1,0,500,0.6,1000,0.2,1400,0.2,2
5,4,271,0,0,500,0.6,1000,0.2,1400,0.2,0
5,5,241,1,0,500,0.6,1000,0.2,1400,0.2,0
5,6,882,0,0,300,0.5,1700,0.5,0
6,0,351,0,0,500,0.6,1000,0.2,1400,0.2,1
6,1,198,2,10,5,0,300,0.5,1700,0.5,1
6,2,966,2,10,5,0,500,0.6,1000,0.2,1400,0.2,0
6,3,648,2,10,5,0,500,0.6,1000,0.2,1400,0.2,2
6,4,11,0,0,300,0.5,1700,0.5,2
6,5,495,2,10,5,0,300,0.5,1700,0.5,0
6,6,34,0,0,500,0.6,1000,0.2,1400,0.2,0
