0,0,199,2,10,5,0,500,0.6,1000,0.2,1400,0.2,2
0,1,99,1,0,300,0.5,1700,0.5,2
0,2,717,2,10,5,0,500,0.6,1000,0.2,1400,0.2,1
0,3,121,1,0,300,0.5,1700,0.5,0
0,4,646,0,0,500,0.6,1000,0.2,1400,0.2,0
0,5,526,2,10,5,0,300,0.5,1700,0.5,2
0,6,747,0,0,500,0.6,1000,0.2,1400,0.2,0
1,0,584,2,10,5,0,300,0.5,1700,0.5,1
1,1,853,1,0,300,0.5,1700,0.5,2
1,2,682,0,0,300,0.5,1700,0.5,0
1,3,733,0,0,500,0.6,1000,0.2,1400,0.2,0
1,4,123,1,0,500,0.6,1000,0.2,1400,0.2,0
1,5,937,0,0,500,0.6,1000,0.2,1400,0.2,2
1,6,173,0,0,300,0.5,1700,0.5,0
2,0,891,0,0,300,0.5,1700,0.5,2
2,1,310,0,0,500,0.6,1000,0.2,1400,0.2,1
2,2,371,0,0,500,0.6,1000,0.2,1400,0.2,0
2,3,915,1,0,300,0.5,1700,0.5,1
2,4,826,1,0,500,0.6,1000,0.2,1400,0.2,2
2,5,929,1,0,300,0.5,1700,0.5,2
2,6,178,1,0,300,0.5,1700,0.5,2
3,0,930,2,10,5,0,500,0.6,1000,0.2,1400,0.2,0
3,1,138,2,10,5,0,300,0.5,1700,0.5,2
3,2,219,2,10,5,0,500,0.6,1000,0.2,1400,0.2,0
3,3,216,2,10,5,0,500,0.6,1000,0.2,1400,0.2,0
3,4,658,1,0,300,0.5,1700,0.5,2
3,5,16,2,10,5,0,500,0.6,1000,0.2,1400,0.2,2
3,6,821,1,0,500,0.6,1000,0.2,1400,0.2,2
4,0,79,0,0,500,0.6,1000,0.2,1400,0.2,1
4,1,585,2,10,5,0,500,0.6,1000,0.2,1400,0.2,0
4,2,238,1,0,300,0.5,1700,0.5,0
4,3,635,1,0,500,0.6,1000,0.2,1400,0.2,0
4,4,400,2,10,5,0,500,0.6,1000,0.2,1400,0.2,2
4,5,393,0,0,500,0.6,1000,0.2,1400,0.2,1
4,6,416,0,0,500,0.6,1000,0.2,1400,0.2,1
5,0,446,2,10,5,0,300,0.5,1700,0.5,2
5,1,593,1,0,300,0.5,1700,0.5,1
5,2,742,1,0,500,0.6,1000,0.2,1400,0.2,1
5,3,191,2,10,5,0,300,0.5,1700,0.5,2
5,4,563,2,10,5,0,500,0.6,1000,0.2,1400,0.2,1
5,5,143,0,0,500,0.6,1000,0.2,1400,0.2,1
5,6,666,0,0,300,0.5,1700,0.5,0
6,0,298,2,10,5,0,500,0.6,1000,0.2,1400,0.2,0
6,1,139,2,10,5,0,500,0.6,1000,0.2,1400,0.2,2
6,2,508,1,0,500,0.6,1000,0.2,1400,0.2,1
6,3,656,2,10,5,0,500,0.6,1000,0.2,1400,0.2,2
6,4,607,0,0,500,0.6,1000,0.2,1400,0.2,0
6,5,273,1,0,500,0.6,1000,0.2,1400,0.2,1
6,6,881,0,0,500,0.6,1000,0.2,1400,0.2,0
