0,0,475,2,10,5,0,500,0.6,1000,0.2,1400,0.2,1
0,1,209,2,10,5,0,500,0.6,1000,0.2,1400,0.2,2
0,2,400,1,0,500,0.6,1000,0.2,1400,0.2,1
0,3,775,0,0,500,0.6,1000,0.2,1400,0.2,1
0,4,519,2,10,5,0,300,0.5,1700,0.5,0
0,5,523,2,10,5,0,300,0.5,1700,0.5,2
0,6,303,2,10,5,0,500,0.6,1000,0.2,1400,0.2,2
1,0,323,1,0,500,0.6,1000,0.2,1400,0.2,0
1,1,605,0,0,300,0.5,1700,0.5,2
1,2,523,2,10,5,0,300,0.5,1700,0.5,0
1,3,467,0,0,300,0.5,1700,0.5,0
1,4,783,2,10,5,0,300,0.5,1700,0.5,0
1,5,822,1,0,300,0.5,1700,0.5,2
1,6,584,0,0,500,0.6,1000,0.2,1400,0.2,0
2,0,456,2,10,5,0,300,0.5,1700,0.5,2
2,1,690,2,10,5,0,300,0.5,1700,0.5,0
2,2,44,0,0,300,0.5,1700,0.5,1
2,3,985,0,0,300,0.5,1700,0.5,0
2,4,743,1,0,300,0.5,1700,0.5,0
2,5,449,0,0,500,0.6,1000,0.2,1400,0.2,1
2,6,968,1,0,300,0.5,1700,0.5,1
3,0,211,0,0,500,0.6,1000,0.2,1400,0.2,2
3,1,552,1,0,300,0.5,1700,0.5,1
3,2,373,2,10,5,0,500,0.6,1000,0.2,1400,0.2,0
3,3,666,0,0,300,0.5,1700,0.5,1
3,4,894,1,0,500,0.6,1000,0.2,1400,0.2,2
3,5,846,0,0,300,0.5,1700,0.5,2
3,6,513,1,0,500,0.6,1000,0.2,1400,0.2,1
4,0,398,1,0,500,0.6,1000,0.2,1400,0.2,1
4,1,133,1,0,300,0.5,1700,0.5,1
4,2,606,1,0,300,0.5,1700,0.5,1
4,3,927,0,0,300,0.5,1700,0.5,2
4,4,551,0,0,500,0.6,1000,0.2,1400,0.2,1
4,5,116,2,10,5,0,300,0.5,1700,0.5,0
4,6,726,2,10,5,0,300,0.5,1700,0.5,0
5,0,139,1,0,500,0.6,1000,0.2,1400,0.2,0
5,1,320,1,0,300,0.5,1700,0.5,1
5,2,683,0,0,300,0.5,1700,0.5,1
5,3,685,0,0,300,0.5,1700,0.5,2
5,4,861,0,0,500,0.6,1000,0.2,1400,0.2,0
5,5,188,1,0,300,0.5,1700,0.5,1
5,6,148,2,10,5,0,500,0.6,1000,0.2,1400,0.2,1
6,0,644,2,10,5,0,300,0.5,1700,0.5,0
6,1,896,2,10,5,0,500,0.6,1000,0.2,1400,0.2,2
6,2,967,0,0,500,0.6,1000,0.2,1400,0.2,2
6,3,992,2,10,5,0,300,0.5,1700,0.5,1
6,4,873,0,0,300,0.5,1700,0.5,2
6,5,585,2,10,5,0,300,0.5,1700,0.5,0
6,6,213,2,10,5,0,500,0.6,1000,0.2,1400,0.2,0
