0,0,75,0,0,500,0.6,1000,0.2,1400,0.2,1
0,1,258,1,0,300,0.5,1700,0.5,0
0,2,102,2,10,5,0,300,0.5,1700,0.5,2
0,3,526,0,0,500,0.6,1000,0.2,1400,0.2,1
0,4,885,0,0,500,0.6,1000,0.2,1400,0.2,0
0,5,297,2,10,5,0,300,0.5,1700,0.5,1
0,6,471,0,0,300,0.5,1700,0.5,2
1,0,445,2,10,5,0,300,0.5,1700,0.5,1
1,1,528,2,10,5,0,500,0.6,1000,0.2,1400,0.2,1
1,2,98,1,0,300,0.5,1700,0.5,0
1,3,327,2,10,5,0,300,0.5,1700,0.5,0
1,4,118,1,0,300,0.5,1700,0.5,1
1,5,517,2,10,5,0,500,0.6,1000,0.2,1400,0.2,0
1,6,492,2,10,5,0,500,0.6,1000,0.2,1400,0.2,1
2,0,517,1,0,500,0.6,1000,0.2,1400,0.2,1
2,1,787,0,0,300,0.5,1700,0.5,2
2,2,157,1,0,500,0.6,1000,0.2,1400,0.2,2
2,3,93,2,10,5,0,500,0.6,1000,0.2,1400,0.2,2
2,4,778,0,0,300,0.5,1700,0.5,2
2,5,561,2,10,5,0,300,0.5,1700,0.5,2
2,6,442,0,0,500,0.6,1000,0.2,1400,0.2,0
3,0,839,2,10,5,0,300,0.5,1700,0.5,1
3,1,784,2,10,5,0,500,0.6,1000,0.2,1400,0.2,0
3,2,883,2,10,5,0,500,0.6,1000,0.2,1400,0.2,1
3,3,106,2,10,5,0,300,0.5,1700,0.5,1
3,4,303,2,10,5,0,500,0.6,1000,0.2,1400,0.2,2
3,5,876,1,0,300,0.5,1700,0.5,2
3,6,897,2,10,5,0,500,0.6,1000,0.2,1400,0.2,0
4,0,285,1,0,300,0.5,1700,0.5,1
4,1,73,1,0,300,0.5,1700,0.5,0
4,2,551,1,0,500,0.6,1000,0.2,1400,0.2,0
4,3,436,2,10,5,0,500,0.6,1000,0.2,1400,0.2,2
4,4,697,1,0,300,0.5,1700,0.5,0
4,5,197,1,0,500,0.6,1000,0.2,1400,0.2,2
4,6,653,0,0,300,0.5,1700,0.5,2
5,0,21,1,0,300,0.5,1700,0.5,2
5,1,369,2,10,5,0,300,0.5,1700,0.5,1
5,2,889,2,10,5,0,500,0.6,1000,0.2,1400,0.2,2
5,3,570,2,10,5,0,500,0.6,1000,0.2,1400,0.2,1
5,4,694,1,0,300,0.5,1700,0.5,2
5,5,889,1,0,300,0.5,1700,0.5,2
5,6,672,0,0,300,0.5,1700,0.5,1
6,0,853,0,0,500,0.6,1000,0.2,1400,0.2,0
6,1,439,0,0,500,0.6,1000,0.2,1400,0.2,1
6,2,270,0,0,500,0.6,1000,0.2,1400,0.2,0
6,3,975,2,10,5,0,300,0.5,1700,0.5,2
6,4,279,0,0,500,0.6,1000,0.2,1400,0.2,0
6,5,82,1,0,500,0.6,1000,0.2,1400,0.2,2
6,6,144,2,10,5,0,500,0.6,1000,0.2,1400,0.2,1
