0,0,488,0,0,500,0.6,1000,0.2,1400,0.2,0
0,1,439,0,0,500,0.6,1000,0.2,1400,0.2,0
0,2,575,0,0,500,0.6,1000,0.2,1400,0.2,2
0,3,891,2,10,5,0,300,0.5,1700,0.5,2
0,4,429,2,10,5,0,300,0.5,1700,0.5,1
0,5,650,1,0,300,0.5,1700,0.5,2
0,6,36,1,0,500,0.6,1000,0.2,1400,0.2,1
1,0,873,2,10,5,0,500,0.6,1000,0.2,1400,0.2,2
1,1,199,2,10,5,0,300,0.5,1700,0.5,2
1,2,266,0,0,500,0.6,1000,0.2,1400,0.2,2
1,3,415,0,0,500,0.6,1000,0.2,1400,0.2,0
1,4,394,0,0,300,0.5,1700,0.5,0
1,5,356,1,0,300,0.5,1700,0.5,0
1,6,333,1,0,300,0.5,1700,0.5,2
2,0,30,2,10,5,0,500,0.6,1000,0.2,1400,0.2,1
2,1,387,0,0,300,0.5,1700,0.5,1
2,2,897,2,10,5,0,500,0.6,1000,0.2,1400,0.2,2
2,3,624,1,0,500,0.6,1000,0.2,1400,0.2,1
2,4,888,2,10,5,0,300,0.5,1700,0.5,2
2,5,865,2,10,5,0,300,0.5,1700,0.5,0
2,6,301,2,10,5,0,500,0.6,1000,0.2,1400,0.2,0
3,0,559,1,0,300,0.5,1700,0.5,0
3,1,297,1,0,500,0.6,1000,0.2,1400,0.2,0
3,2,565,0,0,300,0.5,1700,0.5,0
3,3,411,2,10,5,0,500,0.6,1000,0.2,1400,0.2,2
3,4,118,1,0,300,0.5,1700,0.5,1
3,5,236,1,0,300,0.5,1700,0.5,0
3,6,356,1,0,500,0.6,1000,0.2,1400,0.2,0
4,0,929,2,10,5,0,500,0.6,1000,0.2,1400,0.2,2
4,1,24,2,10,5,0,500,0.6,1000,0.2,1400,0.2,0
4,2,528,0,0,500,0.6,1000,0.2,1400,0.2,1
4,3,960,1,0,300,0.5,1700,0.5,2
4,4,45,0,0,300,0.5,1700,0.5,0
4,5,730,1,0,300,0.5,1700,0.5,0
4,6,19,1,0,500,0.6,1000,0.2,1400,0.2,2
5,0,406,1,0,300,0.5,1700,0.5,2
5,1,293,0,0,500,0.6,1000,0.2,1400,0.2,0
5,2,372,1,0,300,0.5,1700,0.5,0
5,3,773,0,0,500,0.6,1000,0.2,1400,0.2,2
5,4,309,2,10,5,0,500,0.6,1000,0.2,1400,0.2,0
5,5,743,1,0,300,0.5,1700,0.5,0
5,6,563,1,0,300,0.5,1700,0.5,2
6,0,430,1,0,300,0.5,1700,0.5,1
6,1,424,2,10,5,0,500,0.6,1000,0.2,1400,0.2,1
6,2,429,1,0,300,0.5,1700,0.5,2
6,3,429,1,0,300,0.5,1700,0.5,1
6,4,78,1,0,500,0.6,1000,0.2,1400,0.2,1
6,5,336,1,0,500,0.6,1000,0.2,1400,0.2,0
6,6,344,2,10,5,0,500,0.6,1000,0.2,1400,0.2,0
