0,0,858,2,10,5,0,500,0.6,1000,0.2,1400,0.2,2
0,1,925,1,0,300,0.5,1700,0.5,1
0,2,452,1,0,300,0.5,1700,0.5,1
0,3,711,1,0,300,0.5,1700,0.5,2
0,4,150,0,0,300,0.5,1700,0.5,1
0,5,386,1,0,500,0.6,1000,0.2,1400,0.2,1
0,6,418,0,0,500,0.6,1000,0.2,1400,0.2,0
1,0,814,1,0,500,0.6,1000,0.2,1400,0.2,1
1,1,420,0,0,500,0.6,1000,0.2,1400,0.2,2
1,2,263,0,0,300,0.5,1700,0.5,0
1,3,126,1,0,500,0.6,1000,0.2,1400,0.2,2
1,4,260,2,10,5,0,300,0.5,1700,0.5,2
1,5,387,1,0,500,0.6,1000,0.2,1400,0.2,1
1,6,340,1,0,300,0.5,1700,0.5,2
2,0,296,1,0,300,0.5,1700,0.5,0
2,1,953,0,0,500,0.6,1000,0.2,1400,0.2,2
2,2,51,1,0,500,0.6,1000,0.2,1400,0.2,1
2,3,752,2,10,5,0,300,0.5,1700,0.5,1
2,4,764,1,0,500,0.6,1000,0.2,1400,0.2,0
2,5,85,2,10,5,0,500,0.6,1000,0.2,1400,0.2,0
2,6,504,2,10,5,0,300,0.5,1700,0.5,2
3,0,946,0,0,300,0.5,1700,0.5,0
3,1,753,1,0,300,0.5,1700,0.5,1
3,2,383,1,0,300,0.5,1700,0.5,1
3,3,330,1,0,300,0.5,1700,0.5,1
3,4,91,2,10,5,0,500,0.6,1000,0.2,1400,0.2,0
3,5,126,0,0,300,0.5,1700,0.5,0
3,6,505,1,0,500,0.6,1000,0.2,1400,0.2,1
4,0,11,1,0,300,0.5,1700,0.5,0
4,1,54,0,0,300,0.5,1700,0.5,0
4,2,321,0,0,500,0.6,1000,0.2,1400,0.2,1
4,3,875,1,0,500,0.6,1000,0.2,1400,0.2,0
4,4,235,0,0,500,0.6,1000,0.2,1400,0.2,2
4,5,248,0,0,500,0.6,1000,0.2,1400,0.2,2
4,6,274,0,0,500,0.6,1000,0.2,1400,0.2,1
5,0,247,2,10,5,0,500,0.6,1000,0.2,1400,0.2,1
5,1,976,0,0,500,0.6,1000,0.2,1400,0.2,1
5,2,251,2,10,5,0,500,0.6,1000,0.2,1400,0.2,0
5,3,171,2,10,5,0,500,0.6,1000,0.2,1400,0.2,1
5,4,671,2,10,5,0,500,0.6,1000,0.2,1400,0.2,2
5,5,265,2,10,5,0,300,0.5,1700,0.5,2
5,6,620,0,0,500,0.6,1000,0.2,1400,0.2,0
6,0,191,1,0,300,0.5,1700,0.5,2
6,1,260,1,0,300,0.5,1700,0.5,2
6,2,977,2,10,5,0,300,0.5,1700,0.5,1
6,3,639,2,10,5,0,300,0.5,1700,0.5,2
6,4,926,0,0,300,0.5,1700,0.5,1
6,5,564,1,0,300,0.5,1700,0.5,2
6,6,939,1,0,300,0.5,1700,0.5,0
