0,0,57,0,0,500,0.6,1000,0.2,1400,0.2,1
0,1,986,0,0,300,0.5,1700,0.5,2
0,2,447,0,0,500,0.6,1000,0.2,1400,0.2,2
0,3,576,1,0,500,0.6,1000,0.2,1400,0.2,1
0,4,617,2,10,5,0,300,0.5,1700,0.5,2
0,5,490,2,10,5,0,300,0.5,1700,0.5,0
0,6,189,0,0,300,0.5,1700,0.5,0
1,0,365,1,0,300,0.5,1700,0.5,0
1,1,662,1,0,300,0.5,1700,0.5,2
1,2,512,2,10,5,0,300,0.5,1700,0.5,0
1,3,224,1,0,300,0.5,1700,0.5,1
1,4,648,2,10,5,0,300,0.5,1700,0.5,2
1,5,604,1,0,500,0.6,1000,0.2,1400,0.2,0
1,6,412,1,0,500,0.6,1000,0.2,1400,0.2,0
2,0,303,0,0,500,0.6,1000,0.2,1400,0.2,0
2,1,674,2,10,5,0,300,0.5,1700,0.5,1
2,2,947,2,10,5,0,300,0.5,1700,0.5,1
2,3,786,1,0,500,0.6,1000,0.2,1400,0.2,2
2,4,995,0,0,300,0.5,1700,0.5,0
2,5,46,1,0,500,0.6,1000,0.2,1400,0.2,2
2,6,280,0,0,500,0.6,1000,0.2,1400,0.2,0
3,0,411,2,10,5,0,500,0.6,1000,0.2,1400,0.2,2
3,1,837,2,10,5,0,500,0.6,1000,0.2,1400,0.2,1
3,2,629,2,10,5,0,500,0.6,1000,0.2,1400,0.2,2
3,3,957,1,0,500,0.6,1000,0.2,1400,0.2,0
3,4,408,1,0,500,0.6,1000,0.2,1400,0.2,1
3,5,576,1,0,500,0.6,1000,0.2,1400,0.2,1
3,6,924,2,10,5,0,300,0.5,1700,0.5,0
4,0,64,2,10,5,0,300,0.5,1700,0.5,1
4,1,409,1,0,500,0.6,1000,0.2,1400,0.2,2
4,2,868,2,10,5,0,300,0.5,1700,0.5,2
4,3,996,2,10,5,0,500,0.6,1000,0.2,1400,0.2,2
4,4,990,2,10,5,0,500,0.6,1000,0.2,1400,0.2,2
4,5,948,0,0,500,0.6,1000,0.2,1400,0.2,1
4,6,60,2,10,5,0,300,0.5,1700,0.5,2
5,0,876,2,10,5,0,500,0.6,1000,0.2,1400,0.2,0
5,1,967,2,10,5,0,300,0.5,1700,0.5,0
5,2,499,0,0,500,0.6,1000,0.2,1400,0.2,0
5,3,388,0,0,300,0.5,1700,0.5,0
5,4,750,0,0,300,0.5,1700,0.5,2
5,5,343,2,10,5,0,300,0.5,1700,0.5,0
5,6,630,2,10,5,0,300,0.5,1700,0.5,0
6,0,317,2,10,5,0,500,0.6,1000,0.2,1400,0.2,1
6,1,879,1,0,500,0.6,1000,0.2,1400,0.2,1
6,2,999,0,0,300,0.5,1700,0.5,0
6,3,538,2,10,5,0,300,0.5,1700,0.5,0
6,4,584,1,0,500,0.6,1000,0.2,1400,0.2,0
6,5,790,2,10,5,0,500,0.6,1000,0.2,1400,0.2,2
6,6,207,1,0,300,0.5,1700,0.5,2
