0,0,436,0,0,500,0.6,1000,0.2,1400,0.2,1
0,1,985,0,0,500,0.6,1000,0.2,1400,0.2,1
0,2,706,2,10,5,0,500,0.6,1000,0.2,1400,0.2,2
0,3,909,1,0,500,0.6,1000,0.2,1400,0.2,0
0,4,116,2,10,5,0,500,0.6,1000,0.2,1400,0.2,1
0,5,239,1,0,500,0.6,1000,0.2,1400,0.2,2
0,6,587,1,0,500,0.6,1000,0.2,1400,0.2,1
1,0,694,1,0,300,0.5,1700,0.5,0
1,1,66,2,10,5,0,500,0.6,1000,0.2,1400,0.2,1
1,2,483,2,10,5,0,500,0.6,1000,0.2,1400,0.2,1
1,3,130,1,0,500,0.6,1000,0.2,1400,0.2,1
1,4,302,1,0,500,0.6,1000,0.2,1400,0.2,0
1,5,460,0,0,300,0.5,1700,0.5,2
1,6,742,0,0,300,0.5,1700,0.5,0
2,0,229,1,0,500,0.6,1000,0.2,1400,0.2,0
2,1,830,0,0,300,0.5,1700,0.5,0
2,2,844,2,10,5,0,500,0.6,1000,0.2,1400,0.2,1
2,3,55,2,10,5,0,500,0.6,1000,0.2,1400,0.2,1
2,4,592,1,0,500,0.6,1000,0.2,1400,0.2,0
2,5,917,1,0,500,0.6,1000,0.2,1400,0.2,1
2,6,970,2,10,5,0,500,0.6,1000,0.2,1400,0.2,0
3,0,223,2,10,5,0,500,0.6,1000,0.2,1400,0.2,2
3,1,841,2,10,5,0,300,0.5,1700,0.5,2
3,2,549,1,0,300,0.5,1700,0.5,0
3,3,390,2,10,5,0,500,0.6,1000,0.2,1400,0.2,0
3,4,344,1,0,300,0.5,1700,0.5,1
3,5,92,2,10,5,0,500,0.6,1000,0.2,1400,0.2,2
3,6,935,1,0,500,0.6,1000,0.2,1400,0.2,0
4,0,135,2,10,5,0,500,0.6,1000,0.2,1400,0.2,2
4,1,981,1,0,500,0.6,1000,0.2,1400,0.2,0
4,2,350,2,10,5,0,300,0.5,1700,0.5,0
4,3,783,2,10,5,0,500,0.6,1000,0.2,1400,0.2,1
4,4,259,0,0,500,0.6,1000,0.2,1400,0.2,0
4,5,864,1,0,500,0.6,1000,0.2,1400,0.2,2
4,6,624,1,0,500,0.6,1000,0.2,1400,0.2,2
5,0,603,1,0,500,0.6,1000,0.2,1400,0.2,2
5,1,767,2,10,5,0,500,0.6,1000,0.2,1400,0.2,0
5,2,187,0,0,300,0.5,1700,0.5,0
5,3,938,1,0,300,0.5,1700,0.5,1
5,4,632,1,0,300,0.5,1700,0.5,2
5,5,805,2,10,5,0,300,0.5,1700,0.5,1
5,6,966,2,10,5,0,300,0.5,1700,0.5,2
6,0,534,2,10,5,0,300,0.5,1700,0.5,1
6,1,514,0,0,300,0.5,1700,0.5,0
6,2,776,2,10,5,0,300,0.5,1700,0.5,2
6,3,503,0,0,500,0.6,1000,0.2,1400,0.2,2
6,4,659,1,0,500,0.6,1000,0.2,1400,0.2,1
6,5,987,2,10,5,0,300,0.5,1700,0.5,1
6,6,443,1,0,300,0.5,1700,0.5,2
