0,0,80,2,10,5,0,300,0.5,1700,0.5,2
0,1,728,1,0,500,0.6,1000,0.2,1400,0.2,0
0,2,593,2,10,5,0,300,0.5,1700,0.5,2
0,3,520,1,0,500,0.6,1000,0.2,1400,0.2,1
0,4,969,0,0,300,0.5,1700,0.5,0
0,5,958,0,0,500,0.6,1000,0.2,1400,0.2,2
0,6,855,0,0,500,0.6,1000,0.2,1400,0.2,0
1,0,880,2,10,5,0,500,0.6,1000,0.2,1400,0.2,0
1,1,180,1,0,500,0.6,1000,0.2,1400,0.2,2
1,2,570,0,0,500,0.6,1000,0.2,1400,0.2,2
1,3,601,0,0,500,0.6,1000,0.2,1400,0.2,2
1,4,241,0,0,500,0.6,1000,0.2,1400,0.2,0
1,5,806,1,0,500,0.6,1000,0.2,1400,0.2,2
1,6,749,1,0,500,0.6,1000,0.2,1400,0.2,2
2,0,894,1,0,500,0.6,1000,0.2,1400,0.2,0
2,1,277,1,0,300,0.5,1700,0.5,0
2,2,38,2,10,5,0,500,0.6,1000,0.2,1400,0.2,0
2,3,403,0,0,500,0.6,1000,0.2,1400,0.2,1
2,4,50,0,0,500,0.6,1000,0.2,1400,0.2,0
2,5,929,1,0,300,0.5,1700,0.5,0
2,6,967,2,10,5,0,300,0.5,1700,0.5,0
3,0,224,0,0,500,0.6,1000,0.2,1400,0.2,2
3,1,546,0,0,500,0.6,1000,0.2,1400,0.2,0
3,2,708,1,0,300,0.5,1700,0.5,0
3,3,837,0,0,300,0.5,1700,0.5,0
3,4,915,0,0,300,0.5,1700,0.5,0
3,5,501,1,0,500,0.6,1000,0.2,1400,0.2,1
3,6,641,2,10,5,0,300,0.5,1700,0.5,0
4,0,39,2,10,5,0,500,0.6,1000,0.2,1400,0.2,2
4,1,584,1,0,500,0.6,1000,0.2,1400,0.2,0
4,2,996,1,0,500,0.6,1000,0.2,1400,0.2,2
4,3,340,2,10,5,0,500,0.6,1000,0.2,1400,0.2,1
4,4,557,1,0,300,0.5,1700,0.5,0
4,5,991,1,0,500,0.6,1000,0.2,1400,0.2,1
4,6,164,2,10,5,0,300,0.5,1700,0.5,0
5,0,940,1,0,500,0.6,1000,0.2,1400,0.2,1
5,1,122,1,0,300,0.5,1700,0.5,2
5,2,178,0,0,500,0.6,1000,0.2,1400,0.2,1
5,3,261,2,10,5,0,300,0.5,1700,0.5,0
5,4,379,1,0,500,0.6,1000,0.2,1400,0.2,2
5,5,815,2,10,5,0,500,0.6,1000,0.2,1400,0.2,1
5,6,955,0,0,300,0.5,1700,0.5,2
6,0,709,0,0,500,0.6,1000,0.2,1400,0.2,2
6,1,455,0,0,500,0.6,1000,0.2,1400,0.2,2
6,2,331,0,0,500,0.6,1000,0.2,1400,0.2,0
6,3,862,1,0,300,0.5,1700,0.5,0
6,4,172,2,10,5,0,300,0.5,1700,0.5,2
6,5,675,2,10,5,0,500,0.6,1000,0.2,1400,0.2,2
6,6,507,2,10,5,0,300,0.5,1700,0.5,2
