0,0,566,2,10,5,0,500,0.6,1000,0.2,1400,0.2,0
0,1,243,1,0,300,0.5,1700,0.5,1
0,2,317,0,0,300,0.5,1700,0.5,1
0,3,918,2,10,5,0,500,0.6,1000,0.2,1400,0.2,2
0,4,947,2,10,5,0,300,0.5,1700,0.5,2
0,5,63,1,0,500,0.6,1000,0.2,1400,0.2,2
0,6,367,1,0,300,0.5,1700,0.5,0
1,0,838,2,10,5,0,500,0.6,1000,0.2,1400,0.2,2
1,1,167,0,0,500,0.6,1000,0.2,1400,0.2,0
1,2,720,0,0,500,0.6,1000,0.2,1400,0.2,1
1,3,487,1,0,300,0.5,1700,0.5,2
1,4,256,1,0,500,0.6,1000,0.2,1400,0.2,0
1,5,871,2,10,5,0,500,0.6,1000,0.2,1400,0.2,0
1,6,669,0,0,300,0.5,1700,0.5,2
2,0,846,2,10,5,0,300,0.5,1700,0.5,1
2,1,965,1,0,500,0.6,1000,0.2,1400,0.2,1
2,2,438,0,0,500,0.6,1000,0.2,1400,0.2,2
2,3,463,1,0,300,0.5,1700,0.5,2
2,4,831,2,10,5,0,300,0.5,1700,0.5,1
2,5,445,1,0,300,0.5,1700,0.5,1
2,6,544,0,0,300,0.5,1700,0.5,1
3,0,960,0,0,500,0.6,1000,0.2,1400,0.2,2
3,1,377,2,10,5,0,300,0.5,1700,0.5,2
3,2,87,2,10,5,0,500,0.6,1000,0.2,1400,0.2,2
3,3,245,2,10,5,0,500,0.6,1000,0.2,1400,0.2,1
3,4,582,1,0,500,0.6,1000,0.2,1400,0.2,2
3,5,744,1,0,300,0.5,1700,0.5,1
3,6,619,1,0,300,0.5,1700,0.5,2
4,0,256,0,0,300,0.5,1700,0.5,0
4,1,276,2,10,5,0,500,0.6,1000,0.2,1400,0.2,2
4,2,427,1,0,500,0.6,1000,0.2,1400,0.2,0
4,3,838,1,0,300,0.5,1700,0.5,0
4,4,747,2,10,5,0,500,0.6,1000,0.2,1400,0.2,2
4,5,947,0,0,500,0.6,1000,0.2,1400,0.2,0
4,6,974,0,0,500,0.6,1000,0.2,1400,0.2,2
5,0,241,2,10,5,0,500,0.6,1000,0.2,1400,0.2,1
5,1,362,1,0,500,0.6,1000,0.2,1400,0.2,2
5,2,271,0,0,500,0.6,1000,0.2,1400,0.2,1
5,3,82,2,10,5,0,500,0.6,1000,0.2,1400,0.2,1
5,4,422,0,0,500,0.6,1000,0.2,1400,0.2,2
5,5,282,0,0,500,0.6,1000,0.2,1400,0.2,0
5,6,375,1,0,300,0.5,1700,0.5,0
6,0,484,2,10,5,0,300,0.5,1700,0.5,1
6,1,227,2,10,5,0,300,0.5,1700,0.5,0
6,2,613,1,0,300,0.5,1700,0.5,1
6,3,976,1,0,500,0.6,1000,0.2,1400,0.2,0
6,4,514,1,0,300,0.5,1700,0.5,0
6,5,643,1,0,500,0.6,1000,0.2,1400,0.2,1
6,6,74,2,10,5,0,300,0.5,1700,0.5,1
