0,0,647,2,10,5,0,300,0.5,1700,0.5,1
0,1,111,1,0,500,0.6,1000,0.2,1400,0.2,1
0,2,370,1,0,300,0.5,1700,0.5,2
0,3,104,2,10,5,0,500,0.6,1000,0.2,1400,0.2,0
0,4,30,1,0,300,0.5,1700,0.5,0
0,5,419,0,0,300,0.5,1700,0.5,2
0,6,470,0,0,300,0.5,1700,0.5,1
1,0,366,2,10,5,0,300,0.5,1700,0.5,0
1,1,317,2,10,5,0,300,0.5,1700,0.5,1
1,2,602,2,10,5,0,300,0.5,1700,0.5,1
1,3,736,2,10,5,0,500,0.6,1000,0.2,1400,0.2,0
1,4,326,0,0,300,0.5,1700,0.5,2
1,5,287,1,0,500,0.6,1000,0.2,1400,0.2,0
1,6,142,1,0,300,0.5,1700,0.5,1
2,0,158,1,0,300,0.5,1700,0.5,0
2,1,578,1,0,500,0.6,1000,0.2,1400,0.2,2
2,2,12,2,10,5,0,300,0.5,1700,0.5,2
2,3,226,0,0,300,0.5,1700,0.5,1
2,4,580,2,10,5,0,300,0.5,1700,0.5,0
2,5,868,1,0,500,0.6,1000,0.2,1400,0.2,1
2,6,189,2,10,5,0,500,0.6,1000,0.2,1400,0.2,0
3,0,499,2,10,5,0,300,0.5,1700,0.5,0
3,1,999,1,0,300,0.5,1700,0.5,1
3,2,602,1,0,300,0.5,1700,0.5,0
3,3,625,2,10,5,0,300,0.5,1700,0.5,1
3,4,402,0,0,300,0.5,1700,0.5,0
3,5,685,2,10,5,0,500,0.6,1000,0.2,1400,0.2,2
3,6,800,2,10,5,0,300,0.5,1700,0.5,1
4,0,840,1,0,500,0.6,1000,0.2,1400,0.2,1
4,1,48,2,10,5,0,300,0.5,1700,0.5,2
4,2,446,1,0,500,0.6,1000,0.2,1400,0.2,1
4,3,848,1,0,300,0.5,1700,0.5,2
4,4,21,1,0,300,0.5,1700,0.5,2
4,5,513,0,0,500,0.6,1000,0.2,1400,0.2,0
4,6,516,1,0,300,0.5,1700,0.5,2
5,0,915,2,10,5,0,300,0.5,1700,0.5,2
5,1,434,2,10,5,0,500,0.6,1000,0.2,1400,0.2,1
5,2,288,0,0,500,0.6,1000,0.2,1400,0.2,2
5,3,632,0,0,300,0.5,1700,0.5,2
5,4,29,1,0,500,0.6,1000,0.2,1400,0.2,1
5,5,304,0,0,300,0.5,1700,0.5,0
5,6,351,0,0,300,0.5,1700,0.5,0
6,0,442,1,0,500,0.6,1000,0.2,1400,0.2,2
6,1,53,2,10,5,0,300,0.5,1700,0.5,1
6,2,233,0,0,300,0.5,1700,0.5,1
6,3,269,2,10,5,0,300,0.5,1700,0.5,1
6,4,417,2,10,5,0,300,0.5,1700,0.5,1
6,5,804,0,0,300,0.5,1700,0.5,0
6,6,892,0,0,300,0.5,1700,0.5,0
