0,0,104,2,10,5,0,300,0.5,1700,0.5,1
0,1,367,0,0,500,0.6,1000,0.2,1400,0.2,0
0,2,232,2,10,5,0,300,0.5,1700,0.5,1
0,3,672,1,0,300,0.5,1700,0.5,1
0,4,918,2,10,5,0,500,0.6,1000,0.2,1400,0.2,2
0,5,96,0,0,500,0.6,1000,0.2,1400,0.2,1
0,6,694,2,10,5,0,500,0.6,1000,0.2,1400,0.2,2
0,7,377,2,10,5,0,500,0.6,1000,0.2,1400,0.2,1
1,0,990,0,0,300,0.5,1700,0.5,1
1,1,705,0,0,300,0.5,1700,0.5,1
1,2,852,1,0,300,0.5,1700,0.5,1
1,3,117,2,10,5,0,300,0.5,1700,0.5,0
1,4,192,0,0,500,0.6,1000,0.2,1400,0.2,2
1,5,418,0,0,500,0.6,1000,0.2,1400,0.2,2
1,6,841,1,0,300,0.5,1700,0.5,1
1,7,846,0,0,300,0.5,1700,0.5,2
2,0,153,1,0,300,0.5,1700,0.5,2
2,1,309,2,10,5,0,500,0.6,1000,0.2,1400,0.2,1
2,2,455,1,0,300,0.5,1700,0.5,2
2,3,685,2,10,5,0,500,0.6,1000,0.2,1400,0.2,2
2,4,376,1,0,300,0.5,1700,0.5,0
2,5,914,1,0,500,0.6,1000,0.2,1400,0.2,1
2,6,437,2,10,5,0,500,0.6,1000,0.2,1400,0.2,1
2,7,567,2,10,5,0,500,0.6,1000,0.2,1400,0.2,1
3,0,850,1,0,300,0.5,1700,0.5,1
3,1,696,1,0,500,0.6,1000,0.2,1400,0.2,2
3,2,657,1,0,300,0.5,1700,0.5,2
3,3,175,1,0,300,0.5,1700,0.5,2
3,4,574,1,0,500,0.6,1000,0.2,1400,0.2,0
3,5,948,1,0,300,0.5,1700,0.5,0
3,6,645,2,10,5,0,300,0.5,1700,0.5,1
3,7,504,1,0,300,0.5,1700,0.5,0
4,0,112,1,0,500,0.6,1000,0.2,1400,0.2,1
4,1,381,1,0,500,0.6,1000,0.2,1400,0.2,0
4,2,164,1,0,500,0.6,1000,0.2,1400,0.2,1
4,3,307,2,10,5,0,300,0.5,1700,0.5,1
4,4,462,0,0,300,0.5,1700,0.5,0
4,5,580,1,0,300,0.5,1700,0.5,0
4,6,448,0,0,300,0.5,1700,0.5,1
4,7,765,1,0,300,0.5,1700,0.5,1
5,0,580,2,10,5,0,500,0.6,1000,0.2,1400,0.2,2
5,1,145,2,10,5,0,500,0.6,1000,0.2,1400,0.2,2
5,2,199,2,10,5,0,300,0.5,1700,0.5,0
5,3,431,1,0,500,0.6,1000,0.2,1400,0.2,2
5,4,986,2,10,5,0,300,0.5,1700,0.5,0
5,5,975,2,10,5,0,300,0.5,1700,0.5,2
5,6,548,1,0,300,0.5,1700,0.5,0
5,7,307,1,0,300,0.5,1700,0.5,0
6,0,879,1,0,300,0.5,1700,0.5,0
6,1,26,0,0,500,0.6,1000,0.2,1400,0.2,0
6,2,922,1,0,300,0.5,1700,0.5,0
6,3,906,0,0,300,0.5,1700,0.5,1
6,4,409,1,0,300,0.5,1700,0.5,2
6,5,533,0,0,300,0.5,1700,0.5,1
6,6,484,2,10,5,0,300,0.5,1700,0.5,0
6,7,48,0,0,500,0.6,1000,0.2,1400,0.2,2
7,0,431,1,0,500,0.6,1000,0.2,1400,0.2,2
7,1,151,0,0,300,0.5,1700,0.5,0
7,2,631,0,0,300,0.5,1700,0.5,0
7,3,807,0,0,500,0.6,1000,0.2,1400,0.2,0
7,4,375,0,0,500,0.6,1000,0.2,1400,0.2,2
7,5,35,2,10,5,0,300,0.5,1700,0.5,2
7,6,630,1,0,500,0.6,1000,0.2,1400,0.2,1
7,7,230,2,10,5,0,300,0.5,1700,0.5,2
