0,0,678,2,10,5,0,300,0.5,1700,0.5,0
0,1,736,1,0,500,0.6,1000,0.2,1400,0.2,0
0,2,770,1,0,500,0.6,1000,0.2,1400,0.2,2
0,3,105,2,10,5,0,300,0.5,1700,0.5,0
0,4,291,1,0,500,0.6,1000,0.2,1400,0.2,0
0,5,140,0,0,300,0.5,1700,0.5,1
0,6,269,2,10,5,0,500,0.6,1000,0.2,1400,0.2,0
0,7,183,0,0,500,0.6,1000,0.2,1400,0.2,0
1,0,441,0,0,300,0.5,1700,0.5,1
1,1,337,0,0,500,0.6,1000,0.2,1400,0.2,1
1,2,657,2,10,5,0,300,0.5,1700,0.5,1
1,3,276,2,10,5,0,500,0.6,1000,0.2,1400,0.2,2
1,4,146,2,10,5,0,300,0.5,1700,0.5,1
1,5,343,2,10,5,0,500,0.6,1000,0.2,1400,0.2,2
1,6,818,0,0,500,0.6,1000,0.2,1400,0.2,0
1,7,528,1,0,300,0.5,1700,0.5,1
2,0,382,0,0,500,0.6,1000,0.2,1400,0.2,1
2,1,165,0,0,500,0.6,1000,0.2,1400,0.2,2
2,2,316,1,0,500,0.6,1000,0.2,1400,0.2,2
2,3,438,1,0,300,0.5,1700,0.5,2
2,4,487,1,0,500,0.6,1000,0.2,1400,0.2,1
2,5,383,0,0,500,0.6,1000,0.2,1400,0.2,1
2,6,686,0,0,500,0.6,1000,0.2,1400,0.2,1
2,7,702,1,0,500,0.6,1000,0.2,1400,0.2,2
3,0,64,1,0,500,0.6,1000,0.2,1400,0.2,0
3,1,594,1,0,300,0.5,1700,0.5,1
3,2,961,0,0,500,0.6,1000,0.2,1400,0.2,1
3,3,767,2,10,5,0,500,0.6,1000,0.2,1400,0.2,2
3,4,47,0,0,300,0.5,1700,0.5,0
3,5,32,0,0,500,0.6,1000,0.2,1400,0.2,1
3,6,234,1,0,300,0.5,1700,0.5,2
3,7,379,1,0,500,0.6,1000,0.2,1400,0.2,1
4,0,910,0,0,300,0.5,1700,0.5,1
4,1,285,1,0,500,0.6,1000,0.2,1400,0.2,1
4,2,621,0,0,300,0.5,1700,0.5,1
4,3,15,0,0,500,0.6,1000,0.2,1400,0.2,0
4,4,345,0,0,500,0.6,1000,0.2,1400,0.2,1
4,5,341,2,10,5,0,300,0.5,1700,0.5,2
4,6,943,0,0,500,0.6,1000,0.2,1400,0.2,2
4,7,333,1,0,500,0.6,1000,0.2,1400,0.2,2
5,0,261,0,0,500,0.6,1000,0.2,1400,0.2,1
5,1,788,0,0,500,0.6,1000,0.2,1400,0.2,1
5,2,75,0,0,300,0.5,1700,0.5,2
5,3,68,1,0,300,0.5,1700,0.5,0
5,4,137,2,10,5,0,500,0.6,1000,0.2,1400,0.2,0
5,5,16,2,10,5,0,300,0.5,1700,0.5,0
5,6,211,0,0,500,0.6,1000,0.2,1400,0.2,2
5,7,365,1,0,300,0.5,1700,0.5,2
6,0,784,2,10,5,0,500,0.6,1000,0.2,1400,0.2,2
6,1,400,1,0,500,0.6,1000,0.2,1400,0.2,2
6,2,495,2,10,5,0,300,0.5,1700,0.5,1
6,3,187,1,0,500,0.6,1000,0.2,1400,0.2,1
6,4,875,0,0,300,0.5,1700,0.5,0
6,5,299,1,0,300,0.5,1700,0.5,1
6,6,437,1,0,500,0.6,1000,0.2,1400,0.2,0
6,7,933,2,10,5,0,500,0.6,1000,0.2,1400,0.2,1
7,0,701,2,10,5,0,300,0.5,1700,0.5,1
7,1,800,1,0,300,0.5,1700,0.5,2
7,2,196,1,0,300,0.5,1700,0.5,0
7,3,63,0,0,300,0.5,1700,0.5,2
7,4,168,0,0,500,0.6,1000,0.2,1400,0.2,0
7,5,455,2,10,5,0,500,0.6,1000,0.2,1400,0.2,0
7,6,285,1,0,300,0.5,1700,0.5,1
7,7,381,0,0,500,0.6,1000,0.2,1400,0.2,0
