0,0,62,0,0,300,0.5,1700,0.5,1
0,1,769,2,10,5,0,300,0.5,1700,0.5,0
0,2,83,0,0,300,0.5,1700,0.5,2
0,3,766,1,0,500,0.6,1000,0.2,1400,0.2,2
0,4,410,2,10,5,0,300,0.5,1700,0.5,0
0,5,645,1,0,500,0.6,1000,0.2,1400,0.2,1
0,6,443,1,0,300,0.5,1700,0.5,1
0,7,752,0,0,300,0.5,1700,0.5,0
1,0,263,1,0,300,0.5,1700,0.5,0
1,1,192,0,0,300,0.5,1700,0.5,1
1,2,271,1,0,300,0.5,1700,0.5,2
1,3,214,0,0,300,0.5,1700,0.5,0
1,4,623,1,0,300,0.5,1700,0.5,0
1,5,859,0,0,300,0.5,1700,0.5,2
1,6,124,1,0,500,0.6,1000,0.2,1400,0.2,2
1,7,833,1,0,500,0.6,1000,0.2,1400,0.2,2
2,0,316,0,0,500,0.6,1000,0.2,1400,0.2,2
2,1,567,0,0,300,0.5,1700,0.5,1
2,2,113,2,10,5,0,300,0.5,1700,0.5,1
2,3,212,1,0,300,0.5,1700,0.5,1
2,4,338,2,10,5,0,500,0.6,1000,0.2,1400,0.2,2
2,5,249,2,10,5,0,300,0.5,1700,0.5,1
2,6,486,1,0,500,0.6,1000,0.2,1400,0.2,2
2,7,469,0,0,500,0.6,1000,0.2,1400,0.2,1
3,0,439,2,10,5,0,500,0.6,1000,0.2,1400,0.2,2
3,1,879,2,10,5,0,300,0.5,1700,0.5,0
3,2,504,2,10,5,0,300,0.5,1700,0.5,2
3,3,918,0,0,300,0.5,1700,0.5,0
3,4,875,2,10,5,0,500,0.6,1000,0.2,1400,0.2,0
3,5,457,2,10,5,0,500,0.6,1000,0.2,1400,0.2,2
3,6,253,1,0,300,0.5,1700,0.5,0
3,7,691,1,0,500,0.6,1000,0.2,1400,0.2,0
4,0,416,0,0,500,0.6,1000,0.2,1400,0.2,0
4,1,630,1,0,500,0.6,1000,0.2,1400,0.2,2
4,2,775,1,0,500,0.6,1000,0.2,1400,0.2,0
4,3,418,2,10,5,0,300,0.5,1700,0.5,1
4,4,802,1,0,500,0.6,1000,0.2,1400,0.2,1
4,5,253,1,0,500,0.6,1000,0.2,1400,0.2,0
4,6,917,0,0,300,0.5,1700,0.5,1
4,7,939,2,10,5,0,500,0.6,1000,0.2,1400,0.2,0
5,0,141,1,0,300,0.5,1700,0.5,2
5,1,69,0,0,300,0.5,1700,0.5,1
5,2,192,1,0,500,0.6,1000,0.2,1400,0.2,2
5,3,575,0,0,500,0.6,1000,0.2,1400,0.2,1
5,4,794,0,0,300,0.5,1700,0.5,0
5,5,72,0,0,500,0.6,1000,0.2,1400,0.2,2
5,6,774,0,0,500,0.6,1000,0.2,1400,0.2,0
5,7,448,1,0,300,0.5,1700,0.5,1
6,0,769,0,0,500,0.6,1000,0.2,1400,0.2,0
6,1,93,1,0,300,0.5,1700,0.5,2
6,2,395,1,0,300,0.5,1700,0.5,0
6,3,559,0,0,300,0.5,1700,0.5,0
6,4,155,1,0,300,0.5,1700,0.5,0
6,5,268,2,10,5,0,300,0.5,1700,0.5,1
6,6,694,1,0,500,0.6,1000,0.2,1400,0.2,0
6,7,254,1,0,300,0.5,1700,0.5,0
7,0,704,1,0,500,0.6,1000,0.2,1400,0.2,1
7,1,331,1,0,500,0.6,1000,0.2,1400,0.2,2
7,2,288,0,0,300,0.5,1700,0.5,1
7,3,480,0,0,500,0.6,1000,0.2,1400,0.2,1
7,4,572,0,0,300,0.5,1700,0.5,2
7,5,830,2,10,5,0,500,0.6,1000,0.2,1400,0.2,1
7,6,839,2,10,5,0,300,0.5,1700,0.5,2
7,7,780,2,10,5,0,300,0.5,1700,0.5,1
