0,0,598,2,10,5,0,300,0.5,1700,0.5,2
0,1,540,2,10,5,0,300,0.5,1700,0.5,0
0,2,791,1,0,500,0.6,1000,0.2,1400,0.2,2
0,3,155,2,10,5,0,300,0.5,1700,0.5,0
0,4,323,1,0,300,0.5,1700,0.5,2
0,5,465,1,0,500,0.6,1000,0.2,1400,0.2,1
0,6,489,0,0,500,0.6,1000,0.2,1400,0.2,2
0,7,610,1,0,500,0.6,1000,0.2,1400,0.2,2
1,0,387,2,10,5,0,300,0.5,1700,0.5,1
1,1,139,0,0,500,0.6,1000,0.2,1400,0.2,2
1,2,97,0,0,300,0.5,1700,0.5,0
1,3,314,1,0,300,0.5,1700,0.5,0
1,4,979,1,0,500,0.6,1000,0.2,1400,0.2,2
1,5,143,1,0,300,0.5,1700,0.5,1
1,6,194,1,0,500,0.6,1000,0.2,1400,0.2,2
1,7,347,0,0,500,0.6,1000,0.2,1400,0.2,0
2,0,860,2,10,5,0,500,0.6,1000,0.2,1400,0.2,2
2,1,128,0,0,300,0.5,1700,0.5,1
2,2,764,0,0,500,0.6,1000,0.2,1400,0.2,0
2,3,728,2,10,5,0,300,0.5,1700,0.5,2
2,4,217,0,0,300,0.5,1700,0.5,1
2,5,288,2,10,5,0,500,0.6,1000,0.2,1400,0.2,1
2,6,246,1,0,500,0.6,1000,0.2,1400,0.2,2
2,7,562,2,10,5,0,300,0.5,1700,0.5,1
3,0,217,1,0,300,0.5,1700,0.5,0
3,1,307,2,10,5,0,300,0.5,1700,0.5,0
3,2,737,0,0,300,0.5,1700,0.5,0
3,3,750,2,10,5,0,300,0.5,1700,0.5,1
3,4,470,0,0,500,0.6,1000,0.2,1400,0.2,0
3,5,614,2,10,5,0,300,0.5,1700,0.5,1
3,6,404,0,0,500,0.6,1000,0.2,1400,0.2,1
3,7,340,0,0,500,0.6,1000,0.2,1400,0.2,1
4,0,733,0,0,500,0.6,1000,0.2,1400,0.2,1
4,1,446,2,10,5,0,300,0.5,1700,0.5,1
4,2,328,0,0,500,0.6,1000,0.2,1400,0.2,2
4,3,275,1,0,300,0.5,1700,0.5,2
4,4,303,0,0,500,0.6,1000,0.2,1400,0.2,2
4,5,805,0,0,300,0.5,1700,0.5,0
4,6,565,2,10,5,0,300,0.5,1700,0.5,0
4,7,76,1,0,300,0.5,1700,0.5,1
5,0,574,0,0,300,0.5,1700,0.5,2
5,1,992,1,0,500,0.6,1000,0.2,1400,0.2,0
5,2,803,2,10,5,0,300,0.5,1700,0.5,1
5,3,572,1,0,500,0.6,1000,0.2,1400,0.2,1
5,4,730,2,10,5,0,500,0.6,1000,0.2,1400,0.2,1
5,5,926,0,0,300,0.5,1700,0.5,0
5,6,596,2,10,5,0,500,0.6,1000,0.2,1400,0.2,0
5,7,198,1,0,500,0.6,1000,0.2,1400,0.2,1
6,0,50,1,0,500,0.6,1000,0.2,1400,0.2,1
6,1,988,1,0,500,0.6,1000,0.2,1400,0.2,2
6,2,953,1,0,300,0.5,1700,0.5,1
6,3,243,0,0,300,0.5,1700,0.5,1
6,4,534,2,10,5,0,500,0.6,1000,0.2,1400,0.2,2
6,5,577,0,0,500,0.6,1000,0.2,1400,0.2,2
6,6,437,0,0,300,0.5,1700,0.5,0
6,7,33,0,0,300,0.5,1700,0.5,2
7,0,543,1,0,300,0.5,1700,0.5,1
7,1,643,2,10,5,0,300,0.5,1700,0.5,0
7,2,157,0,0,500,0.6,1000,0.2,1400,0.2,1
7,3,527,0,0,500,0.6,1000,0.2,1400,0.2,0
7,4,677,2,10,5,0,500,0.6,1000,0.2,1400,0.2,2
7,5,774,0,0,500,0.6,1000,0.2,1400,0.2,1
7,6,28,0,0,300,0.5,1700,0.5,0
7,7,279,1,0,300,0.5,1700,0.5,0
