0,0,610,2,10,5,0,500,0.6,1000,0.2,1400,0.2,1
0,1,63,2,10,5,0,300,0.5,1700,0.5,2
0,2,371,1,0,300,0.5,1700,0.5,1
0,3,891,2,10,5,0,500,0.6,1000,0.2,1400,0.2,2
0,4,162,1,0,500,0.6,1000,0.2,1400,0.2,1
0,5,730,1,0,300,0.5,1700,0.5,2
0,6,230,1,0,500,0.6,1000,0.2,1400,0.2,2
0,7,751,1,0,500,0.6,1000,0.2,1400,0.2,1
1,0,464,2,10,5,0,300,0.5,1700,0.5,0
1,1,82,2,10,5,0,500,0.6,1000,0.2,1400,0.2,2
1,2,990,0,0,300,0.5,1700,0.5,2
1,3,654,0,0,300,0.5,1700,0.5,0
1,4,517,0,0,300,0.5,1700,0.5,2
1,5,86,0,0,500,0.6,1000,0.2,1400,0.2,2
1,6,629,1,0,500,0.6,1000,0.2,1400,0.2,0
1,7,848,2,10,5,0,500,0.6,1000,0.2,1400,0.2,2
2,0,904,0,0,500,0.6,1000,0.2,1400,0.2,1
2,1,207,1,0,300,0.5,1700,0.5,1
2,2,567,2,10,5,0,500,0.6,1000,0.2,1400,0.2,0
2,3,793,2,10,5,0,300,0.5,1700,0.5,1
2,4,912,1,0,500,0.6,1000,0.2,1400,0.2,2
2,5,274,1,0,500,0.6,1000,0.2,1400,0.2,1
2,6,844,1,0,500,0.6,1000,0.2,1400,0.2,0
2,7,619,0,0,500,0.6,1000,0.2,1400,0.2,0
3,0,576,0,0,300,0.5,1700,0.5,0
3,1,879,1,0,300,0.5,1700,0.5,0
3,2,923,2,10,5,0,500,0.6,1000,0.2,1400,0.2,1
3,3,154,2,10,5,0,500,0.6,1000,0.2,1400,0.2,2
3,4,832,1,0,300,0.5,1700,0.5,1
3,5,143,1,0,500,0.6,1000,0.2,1400,0.2,2
3,6,819,2,10,5,0,500,0.6,1000,0.2,1400,0.2,2
3,7,287,2,10,5,0,300,0.5,1700,0.5,2
4,0,304,1,0,300,0.5,1700,0.5,0
4,1,870,2,10,5,0,300,0.5,1700,0.5,1
4,2,333,2,10,5,0,300,0.5,1700,0.5,0
4,3,22,0,0,500,0.6,1000,0.2,1400,0.2,1
4,4,392,1,0,500,0.6,1000,0.2,1400,0.2,2
4,5,571,2,10,5,0,300,0.5,1700,0.5,1
4,6,168,2,10,5,0,300,0.5,1700,0.5,2
4,7,469,2,10,5,0,300,0.5,1700,0.5,0
5,0,920,0,0,300,0.5,1700,0.5,1
5,1,429,0,0,500,0.6,1000,0.2,1400,0.2,2
5,2,549,1,0,300,0.5,1700,0.5,1
5,3,428,0,0,300,0.5,1700,0.5,1
5,4,818,2,10,5,0,500,0.6,1000,0.2,1400,0.2,2
5,5,885,2,10,5,0,300,0.5,1700,0.5,2
5,6,399,2,10,5,0,300,0.5,1700,0.5,1
5,7,375,0,0,300,0.5,1700,0.5,0
6,0,482,2,10,5,0,300,0.5,1700,0.5,0
6,1,257,2,10,5,0,300,0.5,1700,0.5,2
6,2,577,2,10,5,0,300,0.5,1700,0.5,0
6,3,952,0,0,500,0.6,1000,0.2,1400,0.2,1
6,4,994,2,10,5,0,300,0.5,1700,0.5,2
6,5,567,1,0,300,0.5,1700,0.5,2
6,6,577,2,10,5,0,300,0.5,1700,0.5,1
6,7,363,0,0,500,0.6,1000,0.2,1400,0.2,1
7,0,208,2,10,5,0,300,0.5,1700,0.5,2
7,1,639,0,0,500,0.6,1000,0.2,1400,0.2,0
7,2,257,0,0,300,0.5,1700,0.5,0
7,3,359,0,0,500,0.6,1000,0.2,1400,0.2,1
7,4,350,2,10,5,0,300,0.5,1700,0.5,0
7,5,623,0,0,300,0.5,1700,0.5,1
7,6,199,1,0,500,0.6,1000,0.2,1400,0.2,1
7,7,954,2,10,5,0,500,0.6,1000,0.2,1400,0.2,2
