0,0,113,2,10,5,0,300,0.5,1700,0.5,0
0,1,393,0,0,500,0.6,1000,0.2,1400,0.2,2
0,2,57,2,10,5,0,500,0.6,1000,0.2,1400,0.2,0
0,3,48,2,10,5,0,500,0.6,1000,0.2,1400,0.2,1
0,4,47,2,10,5,0,300,0.5,1700,0.5,1
0,5,115,2,10,5,0,300,0.5,1700,0.5,1
0,6,361,0,0,500,0.6,1000,0.2,1400,0.2,2
0,7,506,0,0,300,0.5,1700,0.5,1
1,0,820,2,10,5,0,300,0.5,1700,0.5,2
1,1,363,0,0,500,0.6,1000,0.2,1400,0.2,2
1,2,784,1,0,300,0.5,1700,0.5,2
1,3,152,0,0,500,0.6,1000,0.2,1400,0.2,0
1,4,730,0,0,500,0.6,1000,0.2,1400,0.2,1
1,5,461,1,0,300,0.5,1700,0.5,0
1,6,373,1,0,500,0.6,1000,0.2,1400,0.2,1
1,7,761,2,10,5,0,300,0.5,1700,0.5,2
2,0,94,2,10,5,0,500,0.6,1000,0.2,1400,0.2,0
2,1,22,0,0,300,0.5,1700,0.5,2
2,2,666,1,0,300,0.5,1700,0.5,2
2,3,374,0,0,500,0.6,1000,0.2,1400,0.2,2
2,4,389,1,0,500,0.6,1000,0.2,1400,0.2,2
2,5,342,2,10,5,0,300,0.5,1700,0.5,0
2,6,767,0,0,500,0.6,1000,0.2,1400,0.2,2
2,7,81,0,0,500,0.6,1000,0.2,1400,0.2,2
3,0,834,2,10,5,0,500,0.6,1000,0.2,1400,0.2,1
3,1,137,1,0,300,0.5,1700,0.5,0
3,2,685,0,0,300,0.5,1700,0.5,1
3,3,902,0,0,500,0.6,1000,0.2,1400,0.2,1
3,4,192,0,0,300,0.5,1700,0.5,2
3,5,527,2,10,5,0,300,0.5,1700,0.5,0
3,6,85,1,0,300,0.5,1700,0.5,0
3,7,519,1,0,500,0.6,1000,0.2,1400,0.2,0
4,0,250,1,0,500,0.6,1000,0.2,1400,0.2,2
4,1,274,2,10,5,0,300,0.5,1700,0.5,2
4,2,352,1,0,500,0.6,1000,0.2,1400,0.2,2
4,3,983,2,10,5,0,500,0.6,1000,0.2,1400,0.2,0
4,4,260,1,0,500,0.6,1000,0.2,1400,0.2,1
4,5,488,2,10,5,0,300,0.5,1700,0.5,2
4,6,420,0,0,500,0.6,1000,0.2,1400,0.2,0
4,7,520,1,0,500,0.6,1000,0.2,1400,0.2,0
5,0,247,2,10,5,0,500,0.6,1000,0.2,1400,0.2,0
5,1,611,2,10,5,0,300,0.5,1700,0.5,1
5,2,509,1,0,500,0.6,1000,0.2,1400,0.2,2
5,3,513,1,0,300,0.5,1700,0.5,0
5,4,391,0,0,300,0.5,1700,0.5,0
5,5,309,1,0,500,0.6,1000,0.2,1400,0.2,1
5,6,383,2,10,5,0,300,0.5,1700,0.5,0
5,7,356,0,0,300,0.5,1700,0.5,0
6,0,929,0,0,300,0.5,1700,0.5,2
6,1,97,2,10,5,0,300,0.5,1700,0.5,0
6,2,14,2,10,5,0,500,0.6,1000,0.2,1400,0.2,2
6,3,639,1,0,300,0.5,1700,0.5,1
6,4,944,1,0,300,0.5,1700,0.5,1
6,5,107,2,10,5,0,300,0.5,1700,0.5,1
6,6,338,0,0,500,0.6,1000,0.2,1400,0.2,0
6,7,33,1,0,300,0.5,1700,0.5,0
7,0,112,0,0,500,0.6,1000,0.2,1400,0.2,2
7,1,296,1,0,500,0.6,1000,0.2,1400,0.2,1
7,2,671,0,0,300,0.5,1700,0.5,1
7,3,795,2,10,5,0,300,0.5,1700,0.5,2
7,4,264,2,10,5,0,500,0.6,1000,0.2,1400,0.2,0
7,5,798,0,0,300,0.5,1700,0.5,1
7,6,290,1,0,300,0.5,1700,0.5,2
7,7,116,2,10,5,0,500,0.6,1000,0.2,1400,0.2,1
