0,0,586,2,10,5,0,300,0.5,1700,0.5,0
0,1,994,1,0,500,0.6,1000,0.2,1400,0.2,2
0,2,371,1,0,500,0.6,1000,0.2,1400,0.2,0
0,3,896,1,0,500,0.6,1000,0.2,1400,0.2,0
0,4,135,2,10,5,0,300,0.5,1700,0.5,2
0,5,714,1,0,500,0.6,1000,0.2,1400,0.2,2
0,6,791,0,0,500,0.6,1000,0.2,1400,0.2,2
0,7,344,2,10,5,0,500,0.6,1000,0.2,1400,0.2,2
1,0,537,1,0,500,0.6,1000,0.2,1400,0.2,2
1,1,167,0,0,500,0.6,1000,0.2,1400,0.2,2
1,2,670,0,0,500,0.6,1000,0.2,1400,0.2,1
1,3,427,2,10,5,0,500,0.6,1000,0.2,1400,0.2,2
1,4,596,2,10,5,0,500,0.6,1000,0.2,1400,0.2,0
1,5,248,2,10,5,0,500,0.6,1000,0.2,1400,0.2,2
1,6,764,1,0,300,0.5,1700,0.5,1
1,7,785,2,10,5,0,300,0.5,1700,0.5,1
2,0,931,0,0,300,0.5,1700,0.5,2
2,1,360,2,10,5,0,300,0.5,1700,0.5,2
2,2,781,0,0,300,0.5,1700,0.5,0
2,3,437,1,0,500,0.6,1000,0.2,1400,0.2,2
2,4,732,2,10,5,0,300,0.5,1700,0.5,2
2,5,470,0,0,500,0.6,1000,0.2,1400,0.2,2
2,6,329,1,0,500,0.6,1000,0.2,1400,0.2,2
2,7,242,2,10,5,0,300,0.5,1700,0.5,2
3,0,954,0,0,500,0.6,1000,0.2,1400,0.2,0
3,1,864,2,10,5,0,300,0.5,1700,0.5,0
3,2,241,2,10,5,0,500,0.6,1000,0.2,1400,0.2,0
3,3,419,1,0,300,0.5,1700,0.5,1
3,4,833,1,0,300,0.5,1700,0.5,1
3,5,509,2,10,5,0,500,0.6,1000,0.2,1400,0.2,2
3,6,650,1,0,300,0.5,1700,0.5,0
3,7,611,0,0,500,0.6,1000,0.2,1400,0.2,1
4,0,584,2,10,5,0,500,0.6,1000,0.2,1400,0.2,2
4,1,406,2,10,5,0,300,0.5,1700,0.5,1
4,2,296,0,0,500,0.6,1000,0.2,1400,0.2,1
4,3,866,0,0,300,0.5,1700,0.5,2
4,4,381,1,0,300,0.5,1700,0.5,1
4,5,598,1,0,300,0.5,1700,0.5,2
4,6,262,2,10,5,0,300,0.5,1700,0.5,1
4,7,837,0,0,300,0.5,1700,0.5,2
5,0,293,1,0,500,0.6,1000,0.2,1400,0.2,2
5,1,692,0,0,500,0.6,1000,0.2,1400,0.2,2
5,2,955,1,0,300,0.5,1700,0.5,1
5,3,885,2,10,5,0,500,0.6,1000,0.2,1400,0.2,2
5,4,49,2,10,5,0,500,0.6,1000,0.2,1400,0.2,2
5,5,697,0,0,300,0.5,1700,0.5,1
5,6,540,0,0,300,0.5,1700,0.5,2
5,7,965,1,0,300,0.5,1700,0.5,2
6,0,589,1,0,500,0.6,1000,0.2,1400,0.2,0
6,1,103,2,10,5,0,300,0.5,1700,0.5,0
6,2,221,2,10,5,0,300,0.5,1700,0.5,0
6,3,645,2,10,5,0,500,0.6,1000,0.2,1400,0.2,2
6,4,105,1,0,500,0.6,1000,0.2,1400,0.2,0
6,5,134,2,10,5,0,300,0.5,1700,0.5,2
6,6,775,0,0,300,0.5,1700,0.5,0
6,7,920,1,0,300,0.5,1700,0.5,1
7,0,383,0,0,500,0.6,1000,0.2,1400,0.2,0
7,1,872,1,0,300,0.5,1700,0.5,2
7,2,668,0,0,300,0.5,1700,0.5,2
7,3,172,0,0,300,0.5,1700,0.5,1
7,4,640,0,0,300,0.5,1700,0.5,1
7,5,29,1,0,300,0.5,1700,0.5,0
7,6,508,0,0,300,0.5,1700,0.5,0
7,7,929,2,10,5,0,300,0.5,1700,0.5,2
