0,0,48,0,0,500,0.6,1000,0.2,1400,0.2,0
0,1,854,1,0,300,0.5,1700,0.5,2
0,2,785,2,10,5,0,500,0.6,1000,0.2,1400,0.2,1
0,3,212,0,0,300,0.5,1700,0.5,1
0,4,787,1,0,500,0.6,1000,0.2,1400,0.2,2
0,5,599,2,10,5,0,500,0.6,1000,0.2,1400,0.2,1
0,6,561,1,0,300,0.5,1700,0.5,0
0,7,665,0,0,300,0.5,1700,0.5,2
1,0,302,2,10,5,0,300,0.5,1700,0.5,2
1,1,361,2,10,5,0,300,0.5,1700,0.5,2
1,2,37,0,0,300,0.5,1700,0.5,1
1,3,847,1,0,500,0.6,1000,0.2,1400,0.2,0
1,4,613,1,0,300,0.5,1700,0.5,0
1,5,678,2,10,5,0,300,0.5,1700,0.5,0
1,6,923,0,0,500,0.6,1000,0.2,1400,0.2,0
1,7,322,0,0,500,0.6,1000,0.2,1400,0.2,0
2,0,476,1,0,300,0.5,1700,0.5,0
2,1,305,2,10,5,0,500,0.6,1000,0.2,1400,0.2,0
2,2,93,2,10,5,0,500,0.6,1000,0.2,1400,0.2,0
2,3,843,2,10,5,0,300,0.5,1700,0.5,2
2,4,316,1,0,300,0.5,1700,0.5,2
2,5,514,0,0,300,0.5,1700,0.5,1
2,6,753,0,0,500,0.6,1000,0.2,1400,0.2,2
2,7,142,1,0,500,0.6,1000,0.2,1400,0.2,0
3,0,382,0,0,300,0.5,1700,0.5,1
3,1,879,1,0,500,0.6,1000,0.2,1400,0.2,0
3,2,773,2,10,5,0,500,0.6,1000,0.2,1400,0.2,1
3,3,491,0,0,500,0.6,1000,0.2,1400,0.2,1
3,4,275,0,0,300,0.5,1700,0.5,0
3,5,577,0,0,300,0.5,1700,0.5,2
3,6,203,2,10,5,0,300,0.5,1700,0.5,2
3,7,657,1,0,300,0.5,1700,0.5,2
4,0,729,1,0,300,0.5,1700,0.5,0
4,1,960,0,0,500,0.6,1000,0.2,1400,0.2,2
4,2,997,0,0,300,0.5,1700,0.5,0
4,3,482,0,0,300,0.5,1700,0.5,1
4,4,378,0,0,300,0.5,1700,0.5,2
4,5,244,2,10,5,0,500,0.6,1000,0.2,1400,0.2,0
4,6,499,2,10,5,0,300,0.5,1700,0.5,2
4,7,594,0,0,300,0.5,1700,0.5,0
5,0,422,2,10,5,0,500,0.6,1000,0.2,1400,0.2,1
5,1,551,2,10,5,0,300,0.5,1700,0.5,0
5,2,465,0,0,300,0.5,1700,0.5,0
5,3,114,2,10,5,0,500,0.6,1000,0.2,1400,0.2,2
5,4,722,1,0,300,0.5,1700,0.5,0
5,5,167,2,10,5,0,500,0.6,1000,0.2,1400,0.2,0
5,6,102,2,10,5,0,500,0.6,1000,0.2,1400,0.2,1
5,7,478,1,0,500,0.6,1000,0.2,1400,0.2,2
6,0,987,1,0,300,0.5,1700,0.5,1
6,1,265,0,0,500,0.6,1000,0.2,1400,0.2,2
6,2,564,2,10,5,0,300,0.5,1700,0.5,1
6,3,441,0,0,500,0.6,1000,0.2,1400,0.2,0
6,4,500,0,0,300,0.5,1700,0.5,1
6,5,523,2,10,5,0,300,0.5,1700,0.5,2
6,6,130,0,0,300,0.5,1700,0.5,1
6,7,123,2,10,5,0,500,0.6,1000,0.2,1400,0.2,0
7,0,421,1,0,500,0.6,1000,0.2,1400,0.2,0
7,1,183,1,0,300,0.5,1700,0.5,2
7,2,504,0,0,500,0.6,1000,0.2,1400,0.2,2
7,3,850,0,0,300,0.5,1700,0.5,2
7,4,498,1,0,300,0.5,1700,0.5,2
7,5,840,1,0,500,0.6,1000,0.2,1400,0.2,2
7,6,711,1,0,500,0.6,1000,0.2,1400,0.2,1
7,7,495,1,0,300,0.5,1700,0.5,1
