0,0,342,2,10,5,0,300,0.5,1700,0.5,1
0,1,496,1,0,500,0.6,1000,0.2,1400,0.2,2
0,2,967,2,10,5,0,300,0.5,1700,0.5,0
0,3,222,1,0,300,0.5,1700,0.5,0
0,4,952,0,0,500,0.6,1000,0.2,1400,0.2,0
0,5,454,2,10,5,0,500,0.6,1000,0.2,1400,0.2,1
0,6,194,0,0,500,0.6,1000,0.2,1400,0.2,0
0,7,796,1,0,300,0.5,1700,0.5,2
1,0,682,1,0,300,0.5,1700,0.5,2
1,1,96,2,10,5,0,300,0.5,1700,0.5,0
1,2,425,0,0,300,0.5,1700,0.5,0
1,3,409,2,10,5,0,500,0.6,1000,0.2,1400,0.2,2
1,4,410,1,0,300,0.5,1700,0.5,2
1,5,922,1,0,300,0.5,1700,0.5,0
1,6,623,1,0,500,0.6,1000,0.2,1400,0.2,2
1,7,621,2,10,5,0,300,0.5,1700,0.5,1
2,0,627,1,0,300,0.5,1700,0.5,1
2,1,404,2,10,5,0,300,0.5,1700,0.5,0
2,2,501,0,0,300,0.5,1700,0.5,0
2,3,821,1,0,300,0.5,1700,0.5,2
2,4,733,2,10,5,0,500,0.6,1000,0.2,1400,0.2,1
2,5,454,1,0,300,0.5,1700,0.5,2
2,6,842,2,10,5,0,500,0.6,1000,0.2,1400,0.2,1
2,7,877,0,0,300,0.5,1700,0.5,2
3,0,180,1,0,300,0.5,1700,0.5,0
3,1,668,2,10,5,0,300,0.5,1700,0.5,1
3,2,495,0,0,300,0.5,1700,0.5,0
3,3,302,0,0,300,0.5,1700,0.5,1
3,4,81,0,0,300,0.5,1700,0.5,2
3,5,996,2,10,5,0,500,0.6,1000,0.2,1400,0.2,0
3,6,493,1,0,300,0.5,1700,0.5,2
3,7,642,2,10,5,0,500,0.6,1000,0.2,1400,0.2,1
4,0,259,1,0,500,0.6,1000,0.2,1400,0.2,1
4,1,488,0,0,500,0.6,1000,0.2,1400,0.2,1
4,2,43,0,0,300,0.5,1700,0.5,2
4,3,951,2,10,5,0,500,0.6,1000,0.2,1400,0.2,0
4,4,898,0,0,300,0.5,1700,0.5,1
4,5,305,2,10,5,0,300,0.5,1700,0.5,0
4,6,176,2,10,5,0,500,0.6,1000,0.2,1400,0.2,2
4,7,247,1,0,300,0.5,1700,0.5,2
5,0,353,1,0,300,0.5,1700,0.5,2
5,1,425,1,0,300,0.5,1700,0.5,2
5,2,741,1,0,300,0.5,1700,0.5,1
5,3,182,0,0,500,0.6,1000,0.2,1400,0.2,2
5,4,760,2,10,5,0,500,0.6,1000,0.2,1400,0.2,1
5,5,568,2,10,5,0,300,0.5,1700,0.5,2
5,6,914,2,10,5,0,500,0.6,1000,0.2,1400,0.2,2
5,7,446,1,0,500,0.6,1000,0.2,1400,0.2,1
6,0,498,2,10,5,0,500,0.6,1000,0.2,1400,0.2,2
6,1,263,1,0,500,0.6,1000,0.2,1400,0.2,0
6,2,335,0,0,300,0.5,1700,0.5,2
6,3,61,2,10,5,0,300,0.5,1700,0.5,0
6,4,429,0,0,300,0.5,1700,0.5,0
6,5,37,0,0,500,0.6,1000,0.2,1400,0.2,2
6,6,920,0,0,500,0.6,1000,0.2,1400,0.2,0
6,7,261,1,0,500,0.6,1000,0.2,1400,0.2,2
7,0,589,1,0,500,0.6,1000,0.2,1400,0.2,2
7,1,988,1,0,300,0.5,1700,0.5,0
7,2,847,0,0,500,0.6,1000,0.2,1400,0.2,1
7,3,687,0,0,500,0.6,1000,0.2,1400,0.2,2
7,4,516,2,10,5,0,500,0.6,1000,0.2,1400,0.2,0
7,5,554,2,10,5,0,300,0.5,1700,0.5,0
7,6,563,0,0,300,0.5,1700,0.5,2
7,7,803,0,0,500,0.6,1000,0.2,1400,0.2,0
