0,0,506,1,0,300,0.5,1700,0.5,0
0,1,306,1,0,500,0.6,1000,0.2,1400,0.2,2
0,2,827,0,0,500,0.6,1000,0.2,1400,0.2,1
0,3,477,1,0,500,0.6,1000,0.2,1400,0.2,0
0,4,62,2,10,5,0,300,0.5,1700,0.5,1
0,5,430,0,0,300,0.5,1700,0.5,1
0,6,57,2,10,5,0,500,0.6,1000,0.2,1400,0.2,1
0,7,273,1,0,500,0.6,1000,0.2,1400,0.2,2
1,0,542,1,0,300,0.5,1700,0.5,0
1,1,999,1,0,500,0.6,1000,0.2,1400,0.2,2
1,2,91,1,0,300,0.5,1700,0.5,2
1,3,856,0,0,300,0.5,1700,0.5,0
1,4,840,0,0,300,0.5,1700,0.5,2
1,5,968,2,10,5,0,500,0.6,1000,0.2,1400,0.2,0
1,6,562,2,10,5,0,500,0.6,1000,0.2,1400,0.2,2
1,7,984,0,0,500,0.6,1000,0.2,1400,0.2,2
2,0,547,0,0,300,0.5,1700,0.5,0
2,1,921,0,0,500,0.6,1000,0.2,1400,0.2,2
2,2,46,2,10,5,0,300,0.5,1700,0.5,1
2,3,36,1,0,300,0.5,1700,0.5,2
2,4,545,0,0,300,0.5,1700,0.5,1
2,5,696,1,0,300,0.5,1700,0.5,0
2,6,811,0,0,500,0.6,1000,0.2,1400,0.2,2
2,7,217,0,0,500,0.6,1000,0.2,1400,0.2,2
3,0,842,0,0,500,0.6,1000,0.2,1400,0.2,2
3,1,113,0,0,500,0.6,1000,0.2,1400,0.2,2
3,2,117,2,10,5,0,300,0.5,1700,0.5,1
3,3,619,2,10,5,0,300,0.5,1700,0.5,1
3,4,63,1,0,500,0.6,1000,0.2,1400,0.2,1
3,5,96,0,0,300,0.5,1700,0.5,0
3,6,997,2,10,5,0,500,0.6,1000,0.2,1400,0.2,2
3,7,563,1,0,500,0.6,1000,0.2,1400,0.2,0
4,0,55,2,10,5,0,500,0.6,1000,0.2,1400,0.2,0
4,1,866,1,0,500,0.6,1000,0.2,1400,0.2,1
4,2,732,0,0,500,0.6,1000,0.2,1400,0.2,2
4,3,452,1,0,500,0.6,1000,0.2,1400,0.2,1
4,4,387,1,0,500,0.6,1000,0.2,1400,0.2,2
4,5,370,2,10,5,0,500,0.6,1000,0.2,1400,0.2,2
4,6,873,0,0,300,0.5,1700,0.5,2
4,7,222,1,0,500,0.6,1000,0.2,1400,0.2,2
5,0,512,1,0,500,0.6,1000,0.2,1400,0.2,2
5,1,280,0,0,300,0.5,1700,0.5,2
5,2,813,1,0,300,0.5,1700,0.5,0
5,3,899,2,10,5,0,500,0.6,1000,0.2,1400,0.2,2
5,4,870,1,0,500,0.6,1000,0.2,1400,0.2,2
5,5,286,2,10,5,0,500,0.6,1000,0.2,1400,0.2,2
5,6,260,0,0,500,0.6,1000,0.2,1400,0.2,0
5,7,334,2,10,5,0,500,0.6,1000,0.2,1400,0.2,0
6,0,605,1,0,300,0.5,1700,0.5,0
6,1,116,2,10,5,0,500,0.6,1000,0.2,1400,0.2,1
6,2,301,1,0,500,0.6,1000,0.2,1400,0.2,2
6,3,555,0,0,500,0.6,1000,0.2,1400,0.2,2
6,4,639,0,0,300,0.5,1700,0.5,2
6,5,673,0,0,300,0.5,1700,0.5,1
6,6,651,2,10,5,0,300,0.5,1700,0.5,1
6,7,977,0,0,500,0.6,1000,0.2,1400,0.2,0
7,0,879,0,0,300,0.5,1700,0.5,1
7,1,735,1,0,500,0.6,1000,0.2,1400,0.2,1
7,2,210,2,10,5,0,500,0.6,1000,0.2,1400,0.2,0
7,3,820,1,0,500,0.6,1000,0.2,1400,0.2,0
7,4,738,1,0,300,0.5,1700,0.5,0
7,5,356,0,0,300,0.5,1700,0.5,2
7,6,537,0,0,500,0.6,1000,0.2,1400,0.2,1
7,7,584,1,0,300,0.5,1700,0.5,2
