0,0,307,1,0,300,0.5,1700,0.5,1
0,1,177,2,10,5,0,300,0.5,1700,0.5,0
0,2,386,1,0,500,0.6,1000,0.2,1400,0.2,2
0,3,909,0,0,500,0.6,1000,0.2,1400,0.2,2
0,4,299,1,0,300,0.5,1700,0.5,2
0,5,636,2,10,5,0,500,0.6,1000,0.2,1400,0.2,1
0,6,678,2,10,5,0,500,0.6,1000,0.2,1400,0.2,0
0,7,595,1,0,500,0.6,1000,0.2,1400,0.2,1
1,0,15,2,10,5,0,500,0.6,1000,0.2,1400,0.2,0
1,1,367,1,0,500,0.6,1000,0.2,1400,0.2,1
1,2,786,0,0,500,0.6,1000,0.2,1400,0.2,2
1,3,361,2,10,5,0,500,0.6,1000,0.2,1400,0.2,1
1,4,607,0,0,500,0.6,1000,0.2,1400,0.2,2
1,5,417,2,10,5,0,500,0.6,1000,0.2,1400,0.2,0
1,6,338,1,0,300,0.5,1700,0.5,1
1,7,152,1,0,500,0.6,1000,0.2,1400,0.2,2
2,0,948,1,0,500,0.6,1000,0.2,1400,0.2,1
2,1,908,2,10,5,0,500,0.6,1000,0.2,1400,0.2,0
2,2,11,0,0,500,0.6,1000,0.2,1400,0.2,2
2,3,76,0,0,500,0.6,1000,0.2,1400,0.2,2
2,4,351,1,0,500,0.6,1000,0.2,1400,0.2,0
2,5,90,2,10,5,0,300,0.5,1700,0.5,1
2,6,698,1,0,500,0.6,1000,0.2,1400,0.2,1
2,7,831,0,0,300,0.5,1700,0.5,1
3,0,682,1,0,500,0.6,1000,0.2,1400,0.2,2
3,1,655,0,0,500,0.6,1000,0.2,1400,0.2,1
3,2,520,2,10,5,0,500,0.6,1000,0.2,1400,0.2,1
3,3,137,1,0,300,0.5,1700,0.5,2
3,4,241,0,0,300,0.5,1700,0.5,0
3,5,731,0,0,500,0.6,1000,0.2,1400,0.2,2
3,6,379,1,0,500,0.6,1000,0.2,1400,0.2,2
3,7,557,2,10,5,0,500,0.6,1000,0.2,1400,0.2,1
4,0,565,0,0,300,0.5,1700,0.5,2
4,1,103,1,0,500,0.6,1000,0.2,1400,0.2,0
4,2,809,0,0,500,0.6,1000,0.2,1400,0.2,0
4,3,898,1,0,500,0.6,1000,0.2,1400,0.2,2
4,4,552,2,10,5,0,300,0.5,1700,0.5,2
4,5,754,1,0,500,0.6,1000,0.2,1400,0.2,0
4,6,557,0,0,500,0.6,1000,0.2,1400,0.2,0
4,7,44,1,0,500,0.6,1000,0.2,1400,0.2,2
5,0,395,1,0,300,0.5,1700,0.5,2
5,1,157,0,0,300,0.5,1700,0.5,0
5,2,366,1,0,300,0.5,1700,0.5,2
5,3,610,2,10,5,0,500,0.6,1000,0.2,1400,0.2,1
5,4,903,2,10,5,0,300,0.5,1700,0.5,0
5,5,485,0,0,300,0.5,1700,0.5,2
5,6,90,0,0,500,0.6,1000,0.2,1400,0.2,1
5,7,183,0,0,500,0.6,1000,0.2,1400,0.2,0
6,0,757,0,0,300,0.5,1700,0.5,1
6,1,315,1,0,500,0.6,1000,0.2,1400,0.2,2
6,2,236,1,0,300,0.5,1700,0.5,2
6,3,950,1,0,300,0.5,1700,0.5,2
6,4,269,2,10,5,0,300,0.5,1700,0.5,2
6,5,872,1,0,300,0.5,1700,0.5,1
6,6,558,1,0,300,0.5,1700,0.5,0
6,7,890,1,0,500,0.6,1000,0.2,1400,0.2,0
7,0,163,0,0,300,0.5,1700,0.5,1
7,1,262,1,0,500,0.6,1000,0.2,1400,0.2,0
7,2,783,0,0,300,0.5,1700,0.5,1
7,3,71,2,10,5,0,300,0.5,1700,0.5,1
7,4,807,1,0,500,0.6,1000,0.2,1400,0.2,2
7,5,214,1,0,500,0.6,1000,0.2,1400,0.2,1
7,6,53,0,0,500,0.6,1000,0.2,1400,0.2,1
7,7,299,2,10,5,0,300,0.5,1700,0.5,2
