0,0,64,0,0,300,0.5,1700,0.5,0
0,1,715,1,0,300,0.5,1700,0.5,1
0,2,310,0,0,500,0.6,1000,0.2,1400,0.2,1
0,3,434,1,0,300,0.5,1700,0.5,2
0,4,812,0,0,500,0.6,1000,0.2,1400,0.2,2
0,5,813,1,0,500,0.6,1000,0.2,1400,0.2,1
0,6,493,2,10,5,0,500,0.6,1000,0.2,1400,0.2,2
0,7,429,0,0,500,0.6,1000,0.2,1400,0.2,1
1,0,97,1,0,500,0.6,1000,0.2,1400,0.2,2
1,1,353,1,0,500,0.6,1000,0.2,1400,0.2,0
1,2,345,1,0,500,0.6,1000,0.2,1400,0.2,2
1,3,810,1,0,500,0.6,1000,0.2,1400,0.2,1
1,4,779,1,0,500,0.6,1000,0.2,1400,0.2,0
1,5,13,1,0,300,0.5,1700,0.5,0
1,6,936,1,0,500,0.6,1000,0.2,1400,0.2,0
1,7,993,1,0,300,0.5,1700,0.5,0
2,0,33,0,0,500,0.6,1000,0.2,1400,0.2,1
2,1,128,0,0,300,0.5,1700,0.5,2
2,2,913,0,0,500,0.6,1000,0.2,1400,0.2,0
2,3,591,2,10,5,0,300,0.5,1700,0.5,2
2,4,576,1,0,300,0.5,1700,0.5,2
2,5,53,0,0,500,0.6,1000,0.2,1400,0.2,1
2,6,948,2,10,5,0,300,0.5,1700,0.5,2
2,7,752,2,10,5,0,500,0.6,1000,0.2,1400,0.2,0
3,0,498,2,10,5,0,500,0.6,1000,0.2,1400,0.2,1
3,1,832,1,0,500,0.6,1000,0.2,1400,0.2,1
3,2,326,2,10,5,0,300,0.5,1700,0.5,0
3,3,818,2,10,5,0,300,0.5,1700,0.5,2
3,4,389,1,0,500,0.6,1000,0.2,1400,0.2,1
3,5,843,1,0,300,0.5,1700,0.5,1
3,6,352,0,0,300,0.5,1700,0.5,0
3,7,183,0,0,500,0.6,1000,0.2,1400,0.2,1
4,0,546,0,0,300,0.5,1700,0.5,2
4,1,50,0,0,500,0.6,1000,0.2,1400,0.2,1
4,2,126,1,0,500,0.6,1000,0.2,1400,0.2,2
4,3,764,0,0,300,0.5,1700,0.5,2
4,4,73,0,0,500,0.6,1000,0.2,1400,0.2,0
4,5,697,1,0,500,0.6,1000,0.2,1400,0.2,0
4,6,467,1,0,300,0.5,1700,0.5,1
4,7,257,1,0,500,0.6,1000,0.2,1400,0.2,1
5,0,442,2,10,5,0,500,0.6,1000,0.2,1400,0.2,1
5,1,715,0,0,300,0.5,1700,0.5,1
5,2,859,1,0,300,0.5,1700,0.5,2
5,3,402,2,10,5,0,500,0.6,1000,0.2,1400,0.2,2
5,4,477,0,0,500,0.6,1000,0.2,1400,0.2,0
5,5,272,2,10,5,0,500,0.6,1000,0.2,1400,0.2,1
5,6,908,1,0,500,0.6,1000,0.2,1400,0.2,2
5,7,559,0,0,300,0.5,1700,0.5,0
6,0,982,2,10,5,0,300,0.5,1700,0.5,2
6,1,479,0,0,500,0.6,1000,0.2,1400,0.2,1
6,2,471,2,10,5,0,300,0.5,1700,0.5,2
6,3,538,1,0,300,0.5,1700,0.5,0
6,4,805,0,0,300,0.5,1700,0.5,0
6,5,964,2,10,5,0,300,0.5,1700,0.5,0
6,6,880,0,0,300,0.5,1700,0.5,2
6,7,30,1,0,300,0.5,1700,0.5,1
7,0,451,1,0,300,0.5,1700,0.5,2
7,1,61,2,10,5,0,300,0.5,1700,0.5,2
7,2,777,1,0,500,0.6,1000,0.2,1400,0.2,1
7,3,262,2,10,5,0,300,0.5,1700,0.5,1
7,4,833,2,10,5,0,300,0.5,1700,0.5,2
7,5,855,0,0,300,0.5,1700,0.5,1
7,6,87,0,0,300,0.5,1700,0.5,2
7,7,498,0,0,300,0.5,1700,0.5,1
