0,0,607,0,0,300,0.5,1700,0.5,2
0,1,320,0,0,300,0.5,1700,0.5,1
0,2,105,1,0,500,0.6,1000,0.2,1400,0.2,2
0,3,983,1,0,500,0.6,1000,0.2,1400,0.2,2
0,4,169,2,10,5,0,500,0.6,1000,0.2,1400,0.2,1
0,5,444,1,0,300,0.5,1700,0.5,2
0,6,906,2,10,5,0,500,0.6,1000,0.2,1400,0.2,1
0,7,151,2,10,5,0,500,0.6,1000,0.2,1400,0.2,2
1,0,272,1,0,300,0.5,1700,0.5,2
1,1,563,1,0,500,0.6,1000,0.2,1400,0.2,2
1,2,802,2,10,5,0,300,0.5,1700,0.5,0
1,3,787,0,0,500,0.6,1000,0.2,1400,0.2,2
1,4,96,0,0,300,0.5,1700,0.5,0
1,5,421,2,10,5,0,300,0.5,1700,0.5,1
1,6,963,0,0,500,0.6,1000,0.2,1400,0.2,1
1,7,550,1,0,300,0.5,1700,0.5,1
2,0,56,2,10,5,0,300,0.5,1700,0.5,0
2,1,272,0,0,300,0.5,1700,0.5,2
2,2,665,1,0,300,0.5,1700,0.5,0
2,3,642,0,0,500,0.6,1000,0.2,1400,0.2,2
2,4,908,1,0,500,0.6,1000,0.2,1400,0.2,0
2,5,746,0,0,300,0.5,1700,0.5,1
2,6,885,2,10,5,0,300,0.5,1700,0.5,0
2,7,118,0,0,500,0.6,1000,0.2,1400,0.2,2
3,0,214,1,0,500,0.6,1000,0.2,1400,0.2,0
3,1,789,2,10,5,0,500,0.6,1000,0.2,1400,0.2,1
3,2,795,1,0,500,0.6,1000,0.2,1400,0.2,0
3,3,71,0,0,300,0.5,1700,0.5,2
3,4,28,1,0,300,0.5,1700,0.5,0
3,5,882,1,0,300,0.5,1700,0.5,2
3,6,106,2,10,5,0,300,0.5,1700,0.5,0
3,7,224,0,0,500,0.6,1000,0.2,1400,0.2,2
4,0,975,1,0,300,0.5,1700,0.5,2
4,1,323,1,0,300,0.5,1700,0.5,0
4,2,431,1,0,500,0.6,1000,0.2,1400,0.2,1
4,3,946,1,0,300,0.5,1700,0.5,1
4,4,646,2,10,5,0,300,0.5,1700,0.5,0
4,5,673,2,10,5,0,500,0.6,1000,0.2,1400,0.2,0
4,6,256,1,0,500,0.6,1000,0.2,1400,0.2,0
4,7,978,1,0,300,0.5,1700,0.5,0
5,0,356,2,10,5,0,300,0.5,1700,0.5,2
5,1,364,1,0,500,0.6,1000,0.2,1400,0.2,2
5,2,182,1,0,300,0.5,1700,0.5,1
5,3,360,0,0,500,0.6,1000,0.2,1400,0.2,1
5,4,290,1,0,300,0.5,1700,0.5,1
5,5,975,1,0,300,0.5,1700,0.5,1
5,6,948,0,0,300,0.5,1700,0.5,2
5,7,355,1,0,500,0.6,1000,0.2,1400,0.2,2
6,0,682,1,0,300,0.5,1700,0.5,2
6,1,797,0,0,500,0.6,1000,0.2,1400,0.2,2
6,2,586,1,0,300,0.5,1700,0.5,1
6,3,319,1,0,500,0.6,1000,0.2,1400,0.2,2
6,4,581,0,0,300,0.5,1700,0.5,2
6,5,422,0,0,300,0.5,1700,0.5,0
6,6,311,1,0,300,0.5,1700,0.5,1
6,7,752,1,0,500,0.6,1000,0.2,1400,0.2,0
7,0,857,1,0,500,0.6,1000,0.2,1400,0.2,2
7,1,776,1,0,500,0.6,1000,0.2,1400,0.2,0
7,2,761,0,0,500,0.6,1000,0.2,1400,0.2,0
7,3,828,1,0,500,0.6,1000,0.2,1400,0.2,1
7,4,513,1,0,500,0.6,1000,0.2,1400,0.2,1
7,5,211,2,10,5,0,300,0.5,1700,0.5,1
7,6,819,0,0,500,0.6,1000,0.2,1400,0.2,2
7,7,476,1,0,500,0.6,1000,0.2,1400,0.2,0
