0,0,356,0,0,500,0.6,1000,0.2,1400,0.2,1
0,1,548,0,0,500,0.6,1000,0.2,1400,0.2,0
0,2,86,2,10,5,0,300,0.5,1700,0.5,0
0,3,616,1,0,500,0.6,1000,0.2,1400,0.2,1
0,4,730,2,10,5,0,300,0.5,1700,0.5,2
0,5,363,1,0,300,0.5,1700,0.5,0
0,6,583,1,0,300,0.5,1700,0.5,2
0,7,219,2,10,5,0,500,0.6,1000,0.2,1400,0.2,0
1,0,700,1,0,300,0.5,1700,0.5,0
1,1,549,1,0,500,0.6,1000,0.2,1400,0.2,0
1,2,884,1,0,300,0.5,1700,0.5,2
1,3,430,2,10,5,0,500,0.6,1000,0.2,1400,0.2,2
1,4,309,1,0,500,0.6,1000,0.2,1400,0.2,2
1,5,611,1,0,300,0.5,1700,0.5,1
1,6,75,2,10,5,0,300,0.5,1700,0.5,0
1,7,535,0,0,300,0.5,1700,0.5,0
2,0,875,2,10,5,0,300,0.5,1700,0.5,1
2,1,768,0,0,300,0.5,1700,0.5,2
2,2,723,2,10,5,0,500,0.6,1000,0.2,1400,0.2,2
2,3,589,0,0,300,0.5,1700,0.5,0
2,4,935,2,10,5,0,300,0.5,1700,0.5,0
2,5,724,2,10,5,0,500,0.6,1000,0.2,1400,0.2,2
2,6,924,0,0,300,0.5,1700,0.5,1
2,7,351,2,10,5,0,300,0.5,1700,0.5,0
3,0,460,2,10,5,0,300,0.5,1700,0.5,1
3,1,572,1,0,500,0.6,1000,0.2,1400,0.2,1
3,2,901,1,0,300,0.5,1700,0.5,2
3,3,49,0,0,500,0.6,1000,0.2,1400,0.2,1
3,4,541,1,0,300,0.5,1700,0.5,1
3,5,734,2,10,5,0,500,0.6,1000,0.2,1400,0.2,0
3,6,808,0,0,300,0.5,1700,0.5,1
3,7,148,2,10,5,0,300,0.5,1700,0.5,0
4,0,190,1,0,500,0.6,1000,0.2,1400,0.2,1
4,1,772,0,0,300,0.5,1700,0.5,2
4,2,461,1,0,500,0.6,1000,0.2,1400,0.2,2
4,3,139,0,0,300,0.5,1700,0.5,2
4,4,126,1,0,300,0.5,1700,0.5,2
4,5,122,0,0,500,0.6,1000,0.2,1400,0.2,0
4,6,139,2,10,5,0,300,0.5,1700,0.5,1
4,7,101,1,0,300,0.5,1700,0.5,0
5,0,14,1,0,500,0.6,1000,0.2,1400,0.2,1
5,1,618,2,10,5,0,500,0.6,1000,0.2,1400,0.2,2
5,2,886,0,0,300,0.5,1700,0.5,2
5,3,922,2,10,5,0,300,0.5,1700,0.5,0
5,4,606,1,0,300,0.5,1700,0.5,2
5,5,248,1,0,300,0.5,1700,0.5,1
5,6,69,2,10,5,0,300,0.5,1700,0.5,0
5,7,449,1,0,300,0.5,1700,0.5,0
6,0,778,0,0,500,0.6,1000,0.2,1400,0.2,0
6,1,933,2,10,5,0,300,0.5,1700,0.5,1
6,2,685,0,0,300,0.5,1700,0.5,2
6,3,200,1,0,500,0.6,1000,0.2,1400,0.2,2
6,4,96,2,10,5,0,300,0.5,1700,0.5,2
6,5,431,0,0,300,0.5,1700,0.5,2
6,6,277,1,0,300,0.5,1700,0.5,1
6,7,65,0,0,500,0.6,1000,0.2,1400,0.2,1
7,0,412,2,10,5,0,300,0.5,1700,0.5,0
7,1,262,1,0,300,0.5,1700,0.5,0
7,2,515,0,0,300,0.5,1700,0.5,0
7,3,689,2,10,5,0,300,0.5,1700,0.5,0
7,4,291,0,0,300,0.5,1700,0.5,1
7,5,629,2,10,5,0,500,0.6,1000,0.2,1400,0.2,1
7,6,966,0,0,300,0.5,1700,0.5,1
7,7,487,2,10,5,0,500,0.6,1000,0.2,1400,0.2,2
