0,0,150,1,0,300,0.5,1700,0.5,1
0,1,576,0,0,500,0.6,1000,0.2,1400,0.2,0
0,2,886,1,0,500,0.6,1000,0.2,1400,0.2,1
0,3,780,2,10,5,0,500,0.6,1000,0.2,1400,0.2,0
0,4,112,1,0,300,0.5,1700,0.5,0
0,5,221,1,0,300,0.5,1700,0.5,1
0,6,962,1,0,500,0.6,1000,0.2,1400,0.2,1
0,7,819,0,0,500,0.6,1000,0.2,1400,0.2,0
1,0,341,2,10,5,0,500,0.6,1000,0.2,1400,0.2,1
1,1,532,1,0,300,0.5,1700,0.5,0
1,2,418,2,10,5,0,500,0.6,1000,0.2,1400,0.2,2
1,3,326,0,0,300,0.5,1700,0.5,1
1,4,396,2,10,5,0,300,0.5,1700,0.5,0
1,5,278,0,0,500,0.6,1000,0.2,1400,0.2,0
1,6,816,0,0,300,0.5,1700,0.5,1
1,7,151,1,0,500,0.6,1000,0.2,1400,0.2,1
2,0,804,2,10,5,0,500,0.6,1000,0.2,1400,0.2,0
2,1,232,1,0,300,0.5,1700,0.5,0
2,2,477,1,0,300,0.5,1700,0.5,0
2,3,778,2,10,5,0,500,0.6,1000,0.2,1400,0.2,2
2,4,585,2,10,5,0,300,0.5,1700,0.5,1
2,5,371,1,0,500,0.6,1000,0.2,1400,0.2,0
2,6,159,1,0,300,0.5,1700,0.5,1
2,7,983,1,0,500,0.6,1000,0.2,1400,0.2,2
3,0,471,2,10,5,0,300,0.5,1700,0.5,1
3,1,250,2,10,5,0,500,0.6,1000,0.2,1400,0.2,1
3,2,940,2,10,5,0,500,0.6,1000,0.2,1400,0.2,2
3,3,904,2,10,5,0,500,0.6,1000,0.2,1400,0.2,1
3,4,134,2,10,5,0,500,0.6,1000,0.2,1400,0.2,2
3,5,300,2,10,5,0,300,0.5,1700,0.5,0
3,6,367,1,0,500,0.6,1000,0.2,1400,0.2,0
3,7,732,1,0,500,0.6,1000,0.2,1400,0.2,1
4,0,622,2,10,5,0,300,0.5,1700,0.5,2
4,1,441,0,0,300,0.5,1700,0.5,0
4,2,222,1,0,500,0.6,1000,0.2,1400,0.2,0
4,3,864,2,10,5,0,500,0.6,1000,0.2,1400,0.2,2
4,4,526,2,10,5,0,300,0.5,1700,0.5,1
4,5,687,1,0,300,0.5,1700,0.5,2
4,6,908,0,0,500,0.6,1000,0.2,1400,0.2,2
4,7,890,1,0,500,0.6,1000,0.2,1400,0.2,2
5,0,276,2,10,5,0,300,0.5,1700,0.5,1
5,1,601,0,0,500,0.6,1000,0.2,1400,0.2,2
5,2,802,2,10,5,0,300,0.5,1700,0.5,1
5,3,941,0,0,300,0.5,1700,0.5,0
5,4,659,2,10,5,0,300,0.5,1700,0.5,0
5,5,469,0,0,500,0.6,1000,0.2,1400,0.2,1
5,6,754,1,0,300,0.5,1700,0.5,2
5,7,146,1,0,500,0.6,1000,0.2,1400,0.2,1
6,0,158,1,0,300,0.5,1700,0.5,2
6,1,266,1,0,300,0.5,1700,0.5,1
6,2,57,1,0,300,0.5,1700,0.5,1
6,3,605,0,0,300,0.5,1700,0.5,2
6,4,93,2,10,5,0,300,0.5,1700,0.5,2
6,5,988,2,10,5,0,500,0.6,1000,0.2,1400,0.2,1
6,6,851,2,10,5,0,300,0.5,1700,0.5,1
6,7,79,1,0,500,0.6,1000,0.2,1400,0.2,2
7,0,873,2,10,5,0,300,0.5,1700,0.5,0
7,1,245,0,0,500,0.6,1000,0.2,1400,0.2,1
7,2,458,0,0,300,0.5,1700,0.5,1
7,3,521,2,10,5,0,300,0.5,1700,0.5,1
7,4,865,1,0,300,0.5,1700,0.5,2
7,5,572,0,0,300,0.5,1700,0.5,2
7,6,239,0,0,300,0.5,1700,0.5,2
7,7,704,1,0,500,0.6,1000,0.2,1400,0.2,1
