0,0,760,2,10,5,0,500,0.6,1000,0.2,1400,0.2,1
0,1,345,1,0,500,0.6,1000,0.2,1400,0.2,0
0,2,295,1,0,300,0.5,1700,0.5,0
0,3,611,1,0,300,0.5,1700,0.5,2
0,4,380,0,0,500,0.6,1000,0.2,1400,0.2,1
0,5,879,1,0,300,0.5,1700,0.5,2
0,6,874,2,10,5,0,500,0.6,1000,0.2,1400,0.2,0
0,7,335,1,0,300,0.5,1700,0.5,0
1,0,583,1,0,500,0.6,1000,0.2,1400,0.2,2
1,1,768,0,0,500,0.6,1000,0.2,1400,0.2,1
1,2,833,2,10,5,0,500,0.6,1000,0.2,1400,0.2,0
1,3,444,2,10,5,0,300,0.5,1700,0.5,0
1,4,689,0,0,500,0.6,1000,0.2,1400,0.2,2
1,5,65,1,0,500,0.6,1000,0.2,1400,0.2,0
1,6,206,2,10,5,0,300,0.5,1700,0.5,0
1,7,862,2,10,5,0,500,0.6,1000,0.2,1400,0.2,1
2,0,873,2,10,5,0,500,0.6,1000,0.2,1400,0.2,1
2,1,730,1,0,300,0.5,1700,0.5,1
2,2,862,2,10,5,0,500,0.6,1000,0.2,1400,0.2,2
2,3,247,0,0,300,0.5,1700,0.5,1
2,4,992,2,10,5,0,300,0.5,1700,0.5,2
2,5,636,0,0,500,0.6,1000,0.2,1400,0.2,1
2,6,479,1,0,300,0.5,1700,0.5,1
2,7,824,0,0,300,0.5,1700,0.5,1
3,0,337,2,10,5,0,300,0.5,1700,0.5,2
3,1,245,0,0,500,0.6,1000,0.2,1400,0.2,0
3,2,688,0,0,500,0.6,1000,0.2,1400,0.2,0
3,3,116,0,0,300,0.5,1700,0.5,2
3,4,366,0,0,500,0.6,1000,0.2,1400,0.2,2
3,5,206,1,0,300,0.5,1700,0.5,2
3,6,540,0,0,300,0.5,1700,0.5,2
3,7,669,2,10,5,0,500,0.6,1000,0.2,1400,0.2,2
4,0,719,0,0,300,0.5,1700,0.5,1
4,1,715,2,10,5,0,500,0.6,1000,0.2,1400,0.2,1
4,2,845,2,10,5,0,500,0.6,1000,0.2,1400,0.2,0
4,3,573,2,10,5,0,300,0.5,1700,0.5,0
4,4,634,1,0,500,0.6,1000,0.2,1400,0.2,2
4,5,944,0,0,300,0.5,1700,0.5,1
4,6,604,1,0,500,0.6,1000,0.2,1400,0.2,1
4,7,956,1,0,300,0.5,1700,0.5,0
5,0,884,1,0,300,0.5,1700,0.5,2
5,1,539,1,0,300,0.5,1700,0.5,1
5,2,725,2,10,5,0,500,0.6,1000,0.2,1400,0.2,1
5,3,190,0,0,300,0.5,1700,0.5,1
5,4,283,0,0,500,0.6,1000,0.2,1400,0.2,1
5,5,840,0,0,300,0.5,1700,0.5,2
5,6,104,2,10,5,0,500,0.6,1000,0.2,1400,0.2,0
5,7,460,0,0,500,0.6,1000,0.2,1400,0.2,2
6,0,143,1,0,500,0.6,1000,0.2,1400,0.2,0
6,1,794,2,10,5,0,500,0.6,1000,0.2,1400,0.2,0
6,2,866,2,10,5,0,300,0.5,1700,0.5,1
6,3,423,0,0,500,0.6,1000,0.2,1400,0.2,0
6,4,385,1,0,500,0.6,1000,0.2,1400,0.2,2
6,5,771,2,10,5,0,500,0.6,1000,0.2,1400,0.2,2
6,6,115,0,0,300,0.5,1700,0.5,1
6,7,714,2,10,5,0,500,0.6,1000,0.2,1400,0.2,2
7,0,686,1,0,500,0.6,1000,0.2,1400,0.2,2
7,1,161,0,0,300,0.5,1700,0.5,0
7,2,817,1,0,500,0.6,1000,0.2,1400,0.2,2
7,3,460,0,0,300,0.5,1700,0.5,0
7,4,348,0,0,300,0.5,1700,0.5,2
7,5,605,1,0,300,0.5,1700,0.5,0
7,6,717,2,10,5,0,300,0.5,1700,0.5,0
7,7,176,0,0,300,0.5,1700,0.5,2
