0,0,204,2,10,5,0,300,0.5,1700,0.5,2
0,1,457,2,10,5,0,500,0.6,1000,0.2,1400,0.2,2
0,2,291,1,0,300,0.5,1700,0.5,0
0,3,799,2,10,5,0,500,0.6,1000,0.2,1400,0.2,2
0,4,292,0,0,300,0.5,1700,0.5,0
0,5,443,1,0,500,0.6,1000,0.2,1400,0.2,0
0,6,146,0,0,300,0.5,1700,0.5,2
0,7,383,1,0,500,0.6,1000,0.2,1400,0.2,0
1,0,193,2,10,5,0,300,0.5,1700,0.5,1
1,1,137,2,10,5,0,300,0.5,1700,0.5,2
1,2,712,2,10,5,0,500,0.6,1000,0.2,1400,0.2,2
1,3,136,0,0,300,0.5,1700,0.5,2
1,4,385,2,10,5,0,500,0.6,1000,0.2,1400,0.2,0
1,5,321,1,0,300,0.5,1700,0.5,1
1,6,249,2,10,5,0,500,0.6,1000,0.2,1400,0.2,2
1,7,33,2,10,5,0,500,0.6,1000,0.2,1400,0.2,0
2,0,422,0,0,500,0.6,1000,0.2,1400,0.2,0
2,1,220,0,0,300,0.5,1700,0.5,2
2,2,298,1,0,500,0.6,1000,0.2,1400,0.2,1
2,3,480,0,0,300,0.5,1700,0.5,1
2,4,285,2,10,5,0,300,0.5,1700,0.5,0
2,5,996,2,10,5,0,300,0.5,1700,0.5,0
2,6,323,1,0,300,0.5,1700,0.5,0
2,7,210,1,0,500,0.6,1000,0.2,1400,0.2,1
3,0,786,1,0,300,0.5,1700,0.5,0
3,1,965,2,10,5,0,500,0.6,1000,0.2,1400,0.2,1
3,2,76,0,0,500,0.6,1000,0.2,1400,0.2,2
3,3,333,0,0,500,0.6,1000,0.2,1400,0.2,1
3,4,340,0,0,300,0.5,1700,0.5,1
3,5,57,1,0,300,0.5,1700,0.5,0
3,6,469,0,0,300,0.5,1700,0.5,2
3,7,866,1,0,500,0.6,1000,0.2,1400,0.2,2
4,0,124,2,10,5,0,500,0.6,1000,0.2,1400,0.2,1
4,1,573,2,10,5,0,300,0.5,1700,0.5,1
4,2,672,0,0,500,0.6,1000,0.2,1400,0.2,2
4,3,971,0,0,500,0.6,1000,0.2,1400,0.2,2
4,4,223,1,0,300,0.5,1700,0.5,1
4,5,420,1,0,300,0.5,1700,0.5,2
4,6,876,0,0,300,0.5,1700,0.5,0
4,7,971,1,0,300,0.5,1700,0.5,0
5,0,174,1,0,300,0.5,1700,0.5,0
5,1,221,0,0,500,0.6,1000,0.2,1400,0.2,1
5,2,240,2,10,5,0,500,0.6,1000,0.2,1400,0.2,0
5,3,412,0,0,300,0.5,1700,0.5,1
5,4,998,0,0,500,0.6,1000,0.2,1400,0.2,1
5,5,384,0,0,500,0.6,1000,0.2,1400,0.2,1
5,6,202,1,0,500,0.6,1000,0.2,1400,0.2,2
5,7,465,0,0,300,0.5,1700,0.5,0
6,0,487,2,10,5,0,300,0.5,1700,0.5,1
6,1,993,0,0,300,0.5,1700,0.5,2
6,2,864,2,10,5,0,300,0.5,1700,0.5,0
6,3,230,1,0,300,0.5,1700,0.5,2
6,4,257,1,0,500,0.6,1000,0.2,1400,0.2,1
6,5,864,0,0,300,0.5,1700,0.5,1
6,6,483,2,10,5,0,300,0.5,1700,0.5,2
6,7,397,1,0,500,0.6,1000,0.2,1400,0.2,1
7,0,962,2,10,5,0,500,0.6,1000,0.2,1400,0.2,1
7,1,348,2,10,5,0,500,0.6,1000,0.2,1400,0.2,1
7,2,158,2,10,5,0,300,0.5,1700,0.5,2
7,3,272,0,0,300,0.5,1700,0.5,1
7,4,526,0,0,500,0.6,1000,0.2,1400,0.2,1
7,5,258,0,0,500,0.6,1000,0.2,1400,0.2,0
7,6,215,1,0,500,0.6,1000,0.2,1400,0.2,1
7,7,519,0,0,500,0.6,1000,0.2,1400,0.2,2
