0,0,350,2,10,5,0,300,0.5,1700,0.5,1
0,1,827,0,0,300,0.5,1700,0.5,0
0,2,829,0,0,300,0.5,1700,0.5,2
0,3,912,0,0,300,0.5,1700,0.5,2
0,4,217,2,10,5,0,300,0.5,1700,0.5,0
0,5,387,1,0,300,0.5,1700,0.5,0
0,6,349,2,10,5,0,300,0.5,1700,0.5,1
0,7,901,1,0,300,0.5,1700,0.5,2
1,0,362,1,0,300,0.5,1700,0.5,1
1,1,733,2,10,5,0,300,0.5,1700,0.5,2
1,2,605,0,0,500,0.6,1000,0.2,1400,0.2,0
1,3,966,0,0,300,0.5,1700,0.5,2
1,4,350,2,10,5,0,500,0.6,1000,0.2,1400,0.2,1
1,5,216,1,0,500,0.6,1000,0.2,1400,0.2,1
1,6,705,1,0,500,0.6,1000,0.2,1400,0.2,1
1,7,203,0,0,500,0.6,1000,0.2,1400,0.2,0
2,0,639,2,10,5,0,300,0.5,1700,0.5,0
2,1,716,1,0,500,0.6,1000,0.2,1400,0.2,2
2,2,384,1,0,500,0.6,1000,0.2,1400,0.2,1
2,3,135,0,0,500,0.6,1000,0.2,1400,0.2,1
2,4,787,0,0,500,0.6,1000,0.2,1400,0.2,2
2,5,505,0,0,300,0.5,1700,0.5,0
2,6,570,2,10,5,0,500,0.6,1000,0.2,1400,0.2,2
2,7,352,2,10,5,0,300,0.5,1700,0.5,0
3,0,515,0,0,500,0.6,1000,0.2,1400,0.2,1
3,1,506,1,0,300,0.5,1700,0.5,0
3,2,236,1,0,500,0.6,1000,0.2,1400,0.2,2
3,3,775,1,0,300,0.5,1700,0.5,0
3,4,857,1,0,500,0.6,1000,0.2,1400,0.2,0
3,5,41,2,10,5,0,300,0.5,1700,0.5,1
3,6,531,1,0,300,0.5,1700,0.5,0
3,7,698,2,10,5,0,500,0.6,1000,0.2,1400,0.2,2
4,0,308,1,0,500,0.6,1000,0.2,1400,0.2,1
4,1,212,1,0,500,0.6,1000,0.2,1400,0.2,0
4,2,412,0,0,500,0.6,1000,0.2,1400,0.2,0
4,3,833,0,0,300,0.5,1700,0.5,1
4,4,529,1,0,300,0.5,1700,0.5,1
4,5,378,0,0,500,0.6,1000,0.2,1400,0.2,2
4,6,953,0,0,300,0.5,1700,0.5,1
4,7,590,0,0,300,0.5,1700,0.5,1
5,0,393,1,0,500,0.6,1000,0.2,1400,0.2,1
5,1,939,1,0,300,0.5,1700,0.5,1
5,2,673,1,0,300,0.5,1700,0.5,0
5,3,786,0,0,300,0.5,1700,0.5,0
5,4,100,2,10,5,0,500,0.6,1000,0.2,1400,0.2,1
5,5,219,1,0,300,0.5,1700,0.5,1
5,6,29,2,10,5,0,500,0.6,1000,0.2,1400,0.2,0
5,7,112,0,0,300,0.5,1700,0.5,0
6,0,403,1,0,500,0.6,1000,0.2,1400,0.2,0
6,1,420,1,0,500,0.6,1000,0.2,1400,0.2,0
6,2,65,1,0,500,0.6,1000,0.2,1400,0.2,0
6,3,577,0,0,300,0.5,1700,0.5,0
6,4,301,1,0,500,0.6,1000,0.2,1400,0.2,1
6,5,965,0,0,300,0.5,1700,0.5,2
6,6,413,2,10,5,0,300,0.5,1700,0.5,2
6,7,889,2,10,5,0,500,0.6,1000,0.2,1400,0.2,2
7,0,740,1,0,300,0.5,1700,0.5,1
7,1,493,2,10,5,0,300,0.5,1700,0.5,0
7,2,985,1,0,500,0.6,1000,0.2,1400,0.2,1
7,3,83,0,0,300,0.5,1700,0.5,0
7,4,84,0,0,500,0.6,1000,0.2,1400,0.2,1
7,5,875,1,0,500,0.6,1000,0.2,1400,0.2,1
7,6,65,1,0,300,0.5,1700,0.5,1
7,7,650,2,10,5,0,300,0.5,1700,0.5,2
