0,0,640,1,0,500,0.6,1000,0.2,1400,0.2,1
0,1,935,1,0,300,0.5,1700,0.5,2
0,2,586,0,0,500,0.6,1000,0.2,1400,0.2,1
0,3,746,1,0,300,0.5,1700,0.5,0
0,4,335,0,0,300,0.5,1700,0.5,2
0,5,354,1,0,500,0.6,1000,0.2,1400,0.2,1
0,6,192,2,10,5,0,500,0.6,1000,0.2,1400,0.2,0
0,7,355,2,10,5,0,500,0.6,1000,0.2,1400,0.2,1
1,0,993,1,0,300,0.5,1700,0.5,0
1,1,409,0,0,500,0.6,1000,0.2,1400,0.2,0
1,2,612,1,0,500,0.6,1000,0.2,1400,0.2,1
1,3,466,0,0,300,0.5,1700,0.5,0
1,4,748,1,0,300,0.5,1700,0.5,1
1,5,511,0,0,300,0.5,1700,0.5,1
1,6,477,1,0,500,0.6,1000,0.2,1400,0.2,2
1,7,204,0,0,500,0.6,1000,0.2,1400,0.2,0
2,0,212,0,0,300,0.5,1700,0.5,1
2,1,118,1,0,300,0.5,1700,0.5,0
2,2,736,2,10,5,0,500,0.6,1000,0.2,1400,0.2,2
2,3,337,0,0,500,0.6,1000,0.2,1400,0.2,0
2,4,315,0,0,500,0.6,1000,0.2,1400,0.2,2
2,5,354,2,10,5,0,300,0.5,1700,0.5,2
2,6,137,0,0,500,0.6,1000,0.2,1400,0.2,2
2,7,531,2,10,5,0,500,0.6,1000,0.2,1400,0.2,0
3,0,599,1,0,300,0.5,1700,0.5,0
3,1,850,0,0,300,0.5,1700,0.5,1
3,2,123,2,10,5,0,500,0.6,1000,0.2,1400,0.2,1
3,3,421,0,0,300,0.5,1700,0.5,0
3,4,958,1,0,500,0.6,1000,0.2,1400,0.2,0
3,5,96,2,10,5,0,500,0.6,1000,0.2,1400,0.2,2
3,6,480,0,0,500,0.6,1000,0.2,1400,0.2,1
3,7,927,0,0,300,0.5,1700,0.5,0
4,0,743,1,0,300,0.5,1700,0.5,0
4,1,161,0,0,300,0.5,1700,0.5,1
4,2,545,1,0,300,0.5,1700,0.5,2
4,3,489,0,0,500,0.6,1000,0.2,1400,0.2,0
4,4,421,0,0,500,0.6,1000,0.2,1400,0.2,1
4,5,599,0,0,500,0.6,1000,0.2,1400,0.2,1
4,6,174,1,0,300,0.5,1700,0.5,2
4,7,228,0,0,500,0.6,1000,0.2,1400,0.2,0
5,0,232,0,0,300,0.5,1700,0.5,0
5,1,64,0,0,500,0.6,1000,0.2,1400,0.2,0
5,2,514,0,0,300,0.5,1700,0.5,2
5,3,725,0,0,500,0.6,1000,0.2,1400,0.2,2
5,4,450,0,0,300,0.5,1700,0.5,0
5,5,781,2,10,5,0,300,0.5,1700,0.5,0
5,6,425,0,0,300,0.5,1700,0.5,1
5,7,353,1,0,500,0.6,1000,0.2,1400,0.2,1
6,0,945,0,0,500,0.6,1000,0.2,1400,0.2,2
6,1,18,0,0,500,0.6,1000,0.2,1400,0.2,2
6,2,635,0,0,500,0.6,1000,0.2,1400,0.2,0
6,3,583,0,0,500,0.6,1000,0.2,1400,0.2,2
6,4,870,2,10,5,0,300,0.5,1700,0.5,2
6,5,320,0,0,300,0.5,1700,0.5,2
6,6,756,1,0,500,0.6,1000,0.2,1400,0.2,1
6,7,567,2,10,5,0,500,0.6,1000,0.2,1400,0.2,1
7,0,865,2,10,5,0,300,0.5,1700,0.5,1
7,1,904,2,10,5,0,500,0.6,1000,0.2,1400,0.2,0
7,2,414,0,0,300,0.5,1700,0.5,2
7,3,408,1,0,500,0.6,1000,0.2,1400,0.2,0
7,4,43,2,10,5,0,300,0.5,1700,0.5,2
7,5,690,2,10,5,0,500,0.6,1000,0.2,1400,0.2,1
7,6,898,1,0,300,0.5,1700,0.5,0
7,7,373,2,10,5,0,300,0.5,1700,0.5,0
