0,0,83,2,10,5,0,500,0.6,1000,0.2,1400,0.2,1
0,1,832,0,0,500,0.6,1000,0.2,1400,0.2,2
0,2,197,0,0,300,0.5,1700,0.5,0
0,3,12,2,10,5,0,500,0.6,1000,0.2,1400,0.2,2
0,4,253,2,10,5,0,500,0.6,1000,0.2,1400,0.2,2
0,5,802,2,10,5,0,300,0.5,1700,0.5,0
0,6,637,2,10,5,0,500,0.6,1000,0.2,1400,0.2,0
0,7,946,2,10,5,0,300,0.5,1700,0.5,2
1,0,178,2,10,5,0,500,0.6,1000,0.2,1400,0.2,0
1,1,751,2,10,5,0,300,0.5,1700,0.5,2
1,2,314,2,10,5,0,500,0.6,1000,0.2,1400,0.2,0
1,3,519,0,0,300,0.5,1700,0.5,2
1,4,210,0,0,300,0.5,1700,0.5,1
1,5,675,2,10,5,0,500,0.6,1000,0.2,1400,0.2,2
1,6,856,0,0,500,0.6,1000,0.2,1400,0.2,1
1,7,918,1,0,500,0.6,1000,0.2,1400,0.2,2
2,0,751,1,0,300,0.5,1700,0.5,0
2,1,447,1,0,300,0.5,1700,0.5,1
2,2,572,0,0,500,0.6,1000,0.2,1400,0.2,2
2,3,1000,2,10,5,0,300,0.5,1700,0.5,2
2,4,26,0,0,500,0.6,1000,0.2,1400,0.2,2
2,5,844,1,0,300,0.5,1700,0.5,1
2,6,970,0,0,500,0.6,1000,0.2,1400,0.2,2
2,7,493,1,0,500,0.6,1000,0.2,1400,0.2,0
3,0,384,0,0,500,0.6,1000,0.2,1400,0.2,1
3,1,180,0,0,500,0.6,1000,0.2,1400,0.2,0
3,2,43,2,10,5,0,500,0.6,1000,0.2,1400,0.2,1
3,3,856,2,10,5,0,500,0.6,1000,0.2,1400,0.2,2
3,4,266,0,0,500,0.6,1000,0.2,1400,0.2,0
3,5,767,2,10,5,0,500,0.6,1000,0.2,1400,0.2,1
3,6,870,1,0,500,0.6,1000,0.2,1400,0.2,1
3,7,165,0,0,500,0.6,1000,0.2,1400,0.2,2
4,0,894,1,0,300,0.5,1700,0.5,0
4,1,986,2,10,5,0,300,0.5,1700,0.5,2
4,2,819,2,10,5,0,300,0.5,1700,0.5,2
4,3,241,0,0,300,0.5,1700,0.5,2
4,4,856,0,0,500,0.6,1000,0.2,1400,0.2,0
4,5,674,0,0,300,0.5,1700,0.5,2
4,6,496,0,0,500,0.6,1000,0.2,1400,0.2,2
4,7,814,2,10,5,0,500,0.6,1000,0.2,1400,0.2,2
5,0,161,0,0,300,0.5,1700,0.5,2
5,1,34,2,10,5,0,500,0.6,1000,0.2,1400,0.2,2
5,2,965,2,10,5,0,500,0.6,1000,0.2,1400,0.2,0
5,3,189,2,10,5,0,300,0.5,1700,0.5,0
5,4,396,0,0,500,0.6,1000,0.2,1400,0.2,1
5,5,262,1,0,500,0.6,1000,0.2,1400,0.2,1
5,6,960,2,10,5,0,300,0.5,1700,0.5,2
5,7,20,0,0,300,0.5,1700,0.5,0
6,0,652,1,0,500,0.6,1000,0.2,1400,0.2,1
6,1,193,2,10,5,0,500,0.6,1000,0.2,1400,0.2,2
6,2,902,0,0,500,0.6,1000,0.2,1400,0.2,1
6,3,720,2,10,5,0,300,0.5,1700,0.5,2
6,4,119,2,10,5,0,300,0.5,1700,0.5,1
6,5,924,1,0,500,0.6,1000,0.2,1400,0.2,2
6,6,843,0,0,300,0.5,1700,0.5,2
6,7,827,1,0,500,0.6,1000,0.2,1400,0.2,0
7,0,741,0,0,500,0.6,1000,0.2,1400,0.2,0
7,1,65,1,0,500,0.6,1000,0.2,1400,0.2,2
7,2,665,1,0,500,0.6,1000,0.2,1400,0.2,2
7,3,565,1,0,500,0.6,1000,0.2,1400,0.2,0
7,4,609,2,10,5,0,300,0.5,1700,0.5,2
7,5,679,2,10,5,0,500,0.6,1000,0.2,1400,0.2,2
7,6,851,1,0,300,0.5,1700,0.5,0
7,7,941,2,10,5,0,300,0.5,1700,0.5,2
