0,0,832,2,10,5,0,300,0.5,1700,0.5,1
0,1,554,2,10,5,0,500,0.6,1000,0.2,1400,0.2,0
0,2,342,0,0,500,0.6,1000,0.2,1400,0.2,1
0,3,455,2,10,5,0,300,0.5,1700,0.5,2
0,4,107,2,10,5,0,300,0.5,1700,0.5,1
0,5,250,0,0,300,0.5,1700,0.5,1
0,6,581,0,0,300,0.5,1700,0.5,2
0,7,603,1,0,300,0.5,1700,0.5,1
0,8,409,2,10,5,0,300,0.5,1700,0.5,0
1,0,366,0,0,300,0.5,1700,0.5,2
1,1,504,0,0,500,0.6,1000,0.2,1400,0.2,2
1,2,882,1,0,500,0.6,1000,0.2,1400,0.2,0
1,3,398,1,0,500,0.6,1000,0.2,1400,0.2,2
1,4,73,1,0,500,0.6,1000,0.2,1400,0.2,2
1,5,297,2,10,5,0,300,0.5,1700,0.5,1
1,6,309,0,0,300,0.5,1700,0.5,2
1,7,44,2,10,5,0,300,0.5,1700,0.5,2
1,8,775,1,0,500,0.6,1000,0.2,1400,0.2,1
2,0,25,2,10,5,0,300,0.5,1700,0.5,0
2,1,709,0,0,500,0.6,1000,0.2,1400,0.2,1
2,2,520,0,0,300,0.5,1700,0.5,2
2,3,161,1,0,300,0.5,1700,0.5,1
2,4,847,1,0,500,0.6,1000,0.2,1400,0.2,1
2,5,805,2,10,5,0,500,0.6,1000,0.2,1400,0.2,0
2,6,719,1,0,500,0.6,1000,0.2,1400,0.2,0
2,7,838,2,10,5,0,300,0.5,1700,0.5,0
2,8,191,0,0,500,0.6,1000,0.2,1400,0.2,0
3,0,118,1,0,500,0.6,1000,0.2,1400,0.2,2
3,1,303,2,10,5,0,500,0.6,1000,0.2,1400,0.2,1
3,2,387,2,10,5,0,300,0.5,1700,0.5,2
3,3,596,2,10,5,0,500,0.6,1000,0.2,1400,0.2,0
3,4,849,2,10,5,0,500,0.6,1000,0.2,1400,0.2,0
3,5,79,2,10,5,0,300,0.5,1700,0.5,1
3,6,769,2,10,5,0,300,0.5,1700,0.5,0
3,7,801,2,10,5,0,300,0.5,1700,0.5,0
3,8,403,2,10,5,0,300,0.5,1700,0.5,2
4,0,94,1,0,500,0.6,1000,0.2,1400,0.2,1
4,1,446,1,0,500,0.6,1000,0.2,1400,0.2,2
4,2,271,1,0,300,0.5,1700,0.5,0
4,3,667,1,0,500,0.6,1000,0.2,1400,0.2,2
4,4,124,2,10,5,0,300,0.5,1700,0.5,1
4,5,568,0,0,300,0.5,1700,0.5,2
4,6,380,2,10,5,0,500,0.6,1000,0.2,1400,0.2,0
4,7,834,2,10,5,0,500,0.6,1000,0.2,1400,0.2,1
4,8,517,1,0,300,0.5,1700,0.5,0
5,0,903,0,0,300,0.5,1700,0.5,0
5,1,985,0,0,500,0.6,1000,0.2,1400,0.2,1
5,2,623,0,0,500,0.6,1000,0.2,1400,0.2,1
5,3,708,1,0,300,0.5,1700,0.5,1
5,4,719,2,10,5,0,500,0.6,1000,0.2,1400,0.2,0
5,5,747,1,0,500,0.6,1000,0.2,1400,0.2,1
5,6,340,2,10,5,0,500,0.6,1000,0.2,1400,0.2,0
5,7,111,0,0,500,0.6,1000,0.2,1400,0.2,2
5,8,842,0,0,300,0.5,1700,0.5,1
6,0,355,1,0,300,0.5,1700,0.5,0
6,1,632,2,10,5,0,300,0.5,1700,0.5,1
6,2,594,1,0,300,0.5,1700,0.5,1
6,3,258,0,0,300,0.5,1700,0.5,2
6,4,821,1,0,300,0.5,1700,0.5,0
6,5,277,1,0,300,0.5,1700,0.5,0
6,6,663,1,0,500,0.6,1000,0.2,1400,0.2,0
6,7,991,1,0,500,0.6,1000,0.2,1400,0.2,2
6,8,550,0,0,300,0.5,1700,0.5,1
7,0,968,2,10,5,0,300,0.5,1700,0.5,0
7,1,184,2,10,5,0,300,0.5,1700,0.5,1
7,2,849,1,0,500,0.6,1000,0.2,1400,0.2,0
7,3,276,1,0,500,0.6,1000,0.2,1400,0.2,1
7,4,174,2,10,5,0,500,0.6,1000,0.2,1400,0.2,2
7,5,214,2,10,5,0,300,0.5,1700,0.5,0
7,6,560,2,10,5,0,300,0.5,1700,0.5,2
7,7,513,0,0,300,0.5,1700,0.5,0
7,8,789,1,0,500,0.6,1000,0.2,1400,0.2,2
8,0,969,1,0,300,0.5,1700,0.5,1
8,1,799,0,0,300,0.5,1700,0.5,2
8,2,822,0,0,300,0.5,1700,0.5,0
8,3,392,1,0,500,0.6,1000,0.2,1400,0.2,2
8,4,941,1,0,500,0.6,1000,0.2,1400,0.2,2
8,5,16,1,0,300,0.5,1700,0.5,1
8,6,309,2,10,5,0,500,0.6,1000,0.2,1400,0.2,1
8,7,565,2,10,5,0,500,0.6,1000,0.2,1400,0.2,1
8,8,950,0,0,500,0.6,1000,0.2,1400,0.2,0
