0,0,925,1,0,500,0.6,1000,0.2,1400,0.2,0
0,1,780,0,0,500,0.6,1000,0.2,1400,0.2,2
0,2,12,0,0,300,0.5,1700,0.5,1
0,3,92,2,10,5,0,500,0.6,1000,0.2,1400,0.2,2
0,4,944,0,0,500,0.6,1000,0.2,1400,0.2,1
0,5,12,2,10,5,0,300,0.5,1700,0.5,1
0,6,700,0,0,500,0.6,1000,0.2,1400,0.2,0
0,7,719,2,10,5,0,300,0.5,1700,0.5,0
0,8,459,1,0,300,0.5,1700,0.5,0
1,0,170,1,0,500,0.6,1000,0.2,1400,0.2,2
1,1,461,2,10,5,0,300,0.5,1700,0.5,1
1,2,141,0,0,500,0.6,1000,0.2,1400,0.2,2
1,3,895,2,10,5,0,300,0.5,1700,0.5,1
1,4,999,1,0,500,0.6,1000,0.2,1400,0.2,2
1,5,734,1,0,300,0.5,1700,0.5,1
1,6,336,2,10,5,0,500,0.6,1000,0.2,1400,0.2,0
1,7,565,1,0,500,0.6,1000,0.2,1400,0.2,1
1,8,172,2,10,5,0,500,0.6,1000,0.2,1400,0.2,2
2,0,558,1,0,500,0.6,1000,0.2,1400,0.2,2
2,1,311,1,0,300,0.5,1700,0.5,2
2,2,411,0,0,300,0.5,1700,0.5,1
2,3,847,2,10,5,0,300,0.5,1700,0.5,1
2,4,570,2,10,5,0,300,0.5,1700,0.5,0
2,5,773,1,0,500,0.6,1000,0.2,1400,0.2,0
2,6,199,2,10,5,0,500,0.6,1000,0.2,1400,0.2,1
2,7,310,1,0,500,0.6,1000,0.2,1400,0.2,1
2,8,174,2,10,5,0,300,0.5,1700,0.5,0
3,0,436,0,0,300,0.5,1700,0.5,0
3,1,595,2,10,5,0,300,0.5,1700,0.5,1
3,2,818,2,10,5,0,300,0.5,1700,0.5,0
3,3,592,0,0,300,0.5,1700,0.5,0
3,4,493,2,10,5,0,500,0.6,1000,0.2,1400,0.2,1
3,5,45,2,10,5,0,500,0.6,1000,0.2,1400,0.2,2
3,6,503,0,0,300,0.5,1700,0.5,0
3,7,802,1,0,500,0.6,1000,0.2,1400,0.2,2
3,8,212,1,0,300,0.5,1700,0.5,0
4,0,525,1,0,500,0.6,1000,0.2,1400,0.2,0
4,1,336,1,0,300,0.5,1700,0.5,2
4,2,412,1,0,300,0.5,1700,0.5,2
4,3,967,1,0,300,0.5,1700,0.5,0
4,4,776,2,10,5,0,300,0.5,1700,0.5,1
4,5,101,1,0,500,0.6,1000,0.2,1400,0.2,2
4,6,498,0,0,500,0.6,1000,0.2,1400,0.2,0
4,7,717,2,10,5,0,300,0.5,1700,0.5,1
4,8,1000,0,0,300,0.5,1700,0.5,1
5,0,897,2,10,5,0,500,0.6,1000,0.2,1400,0.2,2
5,1,364,1,0,500,0.6,1000,0.2,1400,0.2,1
5,2,371,1,0,300,0.5,1700,0.5,0
5,3,196,0,0,500,0.6,1000,0.2,1400,0.2,2
5,4,45,1,0,500,0.6,1000,0.2,1400,0.2,0
5,5,163,0,0,500,0.6,1000,0.2,1400,0.2,0
5,6,292,0,0,300,0.5,1700,0.5,1
5,7,597,2,10,5,0,500,0.6,1000,0.2,1400,0.2,1
5,8,533,0,0,300,0.5,1700,0.5,2
6,0,277,0,0,500,0.6,1000,0.2,1400,0.2,1
6,1,553,2,10,5,0,300,0.5,1700,0.5,1
6,2,532,0,0,300,0.5,1700,0.5,0
6,3,989,2,10,5,0,500,0.6,1000,0.2,1400,0.2,2
6,4,848,0,0,300,0.5,1700,0.5,1
6,5,761,0,0,500,0.6,1000,0.2,1400,0.2,1
6,6,791,2,10,5,0,300,0.5,1700,0.5,2
6,7,75,1,0,300,0.5,1700,0.5,2
6,8,139,1,0,300,0.5,1700,0.5,1
7,0,164,1,0,300,0.5,1700,0.5,2
7,1,949,2,10,5,0,500,0.6,1000,0.2,1400,0.2,2
7,2,270,1,0,500,0.6,1000,0.2,1400,0.2,0
7,3,515,2,10,5,0,300,0.5,1700,0.5,0
7,4,812,1,0,300,0.5,1700,0.5,0
7,5,133,1,0,300,0.5,1700,0.5,0
7,6,16,2,10,5,0,300,0.5,1700,0.5,1
7,7,347,0,0,300,0.5,1700,0.5,0
7,8,66,2,10,5,0,300,0.5,1700,0.5,0
8,0,112,2,10,5,0,500,0.6,1000,0.2,1400,0.2,2
8,1,310,2,10,5,0,500,0.6,1000,0.2,1400,0.2,1
8,2,875,0,0,500,0.6,1000,0.2,1400,0.2,0
8,3,356,1,0,300,0.5,1700,0.5,2
8,4,935,2,10,5,0,500,0.6,1000,0.2,1400,0.2,0
8,5,45,0,0,300,0.5,1700,0.5,2
8,6,12,1,0,500,0.6,1000,0.2,1400,0.2,2
8,7,325,2,10,5,0,300,0.5,1700,0.5,1
8,8,15,0,0,300,0.5,1700,0.5,1
