0,0,987,0,0,300,0.5,1700,0.5,1
0,1,991,1,0,500,0.6,1000,0.2,1400,0.2,1
0,2,485,2,10,5,0,500,0.6,1000,0.2,1400,0.2,0
0,3,685,2,10,5,0,500,0.6,1000,0.2,1400,0.2,2
0,4,373,0,0,300,0.5,1700,0.5,2
0,5,489,2,10,5,0,500,0.6,1000,0.2,1400,0.2,0
0,6,314,2,10,5,0,500,0.6,1000,0.2,1400,0.2,0
0,7,991,2,10,5,0,300,0.5,1700,0.5,0
0,8,689,2,10,5,0,500,0.6,1000,0.2,1400,0.2,0
1,0,962,0,0,500,0.6,1000,0.2,1400,0.2,0
1,1,440,2,10,5,0,500,0.6,1000,0.2,1400,0.2,0
1,2,122,1,0,300,0.5,1700,0.5,1
1,3,73,1,0,300,0.5,1700,0.5,2
1,4,270,2,10,5,0,300,0.5,1700,0.5,0
1,5,399,1,0,500,0.6,1000,0.2,1400,0.2,2
1,6,874,2,10,5,0,500,0.6,1000,0.2,1400,0.2,1
1,7,796,0,0,300,0.5,1700,0.5,2
1,8,185,1,0,300,0.5,1700,0.5,0
2,0,454,1,0,500,0.6,1000,0.2,1400,0.2,0
2,1,484,1,0,300,0.5,1700,0.5,0
2,2,623,1,0,500,0.6,1000,0.2,1400,0.2,2
2,3,164,0,0,300,0.5,1700,0.5,0
2,4,997,0,0,500,0.6,1000,0.2,1400,0.2,0
2,5,505,1,0,300,0.5,1700,0.5,2
2,6,315,2,10,5,0,300,0.5,1700,0.5,0
2,7,942,0,0,500,0.6,1000,0.2,1400,0.2,2
2,8,478,1,0,500,0.6,1000,0.2,1400,0.2,2
3,0,217,0,0,500,0.6,1000,0.2,1400,0.2,1
3,1,311,1,0,300,0.5,1700,0.5,0
3,2,815,0,0,300,0.5,1700,0.5,1
3,3,126,2,10,5,0,300,0.5,1700,0.5,1
3,4,735,2,10,5,0,500,0.6,1000,0.2,1400,0.2,0
3,5,582,2,10,5,0,300,0.5,1700,0.5,0
3,6,398,2,10,5,0,500,0.6,1000,0.2,1400,0.2,2
3,7,870,2,10,5,0,500,0.6,1000,0.2,1400,0.2,0
3,8,890,1,0,500,0.6,1000,0.2,1400,0.2,2
4,0,458,0,0,300,0.5,1700,0.5,2
4,1,889,0,0,500,0.6,1000,0.2,1400,0.2,1
4,2,283,1,0,500,0.6,1000,0.2,1400,0.2,1
4,3,74,2,10,5,0,300,0.5,1700,0.5,2
4,4,570,1,0,500,0.6,1000,0.2,1400,0.2,0
4,5,14,1,0,500,0.6,1000,0.2,1400,0.2,1
4,6,849,0,0,500,0.6,1000,0.2,1400,0.2,1
4,7,917,1,0,300,0.5,1700,0.5,0
4,8,227,0,0,500,0.6,1000,0.2,1400,0.2,2
5,0,572,2,10,5,0,500,0.6,1000,0.2,1400,0.2,2
5,1,489,1,0,500,0.6,1000,0.2,1400,0.2,0
5,2,828,0,0,500,0.6,1000,0.2,1400,0.2,2
5,3,320,0,0,500,0.6,1000,0.2,1400,0.2,2
5,4,220,0,0,500,0.6,1000,0.2,1400,0.2,0
5,5,780,2,10,5,0,500,0.6,1000,0.2,1400,0.2,0
5,6,595,2,10,5,0,500,0.6,1000,0.2,1400,0.2,0
5,7,735,1,0,300,0.5,1700,0.5,2
5,8,227,0,0,500,0.6,1000,0.2,1400,0.2,0
6,0,369,1,0,500,0.6,1000,0.2,1400,0.2,1
6,1,853,0,0,500,0.6,1000,0.2,1400,0.2,0
6,2,941,0,0,300,0.5,1700,0.5,1
6,3,723,0,0,500,0.6,1000,0.2,1400,0.2,1
6,4,143,0,0,500,0.6,1000,0.2,1400,0.2,0
6,5,468,2,10,5,0,300,0.5,1700,0.5,1
6,6,543,2,10,5,0,500,0.6,1000,0.2,1400,0.2,0
6,7,318,2,10,5,0,500,0.6,1000,0.2,1400,0.2,1
6,8,622,2,10,5,0,500,0.6,1000,0.2,1400,0.2,1
7,0,216,1,0,500,0.6,1000,0.2,1400,0.2,1
7,1,717,0,0,300,0.5,1700,0.5,0
7,2,777,1,0,300,0.5,1700,0.5,2
7,3,874,0,0,500,0.6,1000,0.2,1400,0.2,2
7,4,731,1,0,500,0.6,1000,0.2,1400,0.2,1
7,5,464,1,0,300,0.5,1700,0.5,1
7,6,336,0,0,300,0.5,1700,0.5,1
7,7,676,0,0,300,0.5,1700,0.5,1
7,8,705,0,0,500,0.6,1000,0.2,1400,0.2,2
8,0,859,2,10,5,0,500,0.6,1000,0.2,1400,0.2,1
8,1,244,1,0,300,0.5,1700,0.5,1
8,2,194,0,0,500,0.6,1000,0.2,1400,0.2,0
8,3,34,0,0,500,0.6,1000,0.2,1400,0.2,2
8,4,479,1,0,300,0.5,1700,0.5,1
8,5,884,2,10,5,0,300,0.5,1700,0.5,0
8,6,903,0,0,300,0.5,1700,0.5,0
8,7,877,0,0,300,0.5,1700,0.5,2
8,8,326,2,10,5,0,500,0.6,1000,0.2,1400,0.2,0
