0,0,117,0,0,300,0.5,1700,0.5,2
0,1,139,2,10,5,0,300,0.5,1700,0.5,1
0,2,627,1,0,300,0.5,1700,0.5,0
0,3,815,0,0,500,0.6,1000,0.2,1400,0.2,2
0,4,927,2,10,5,0,500,0.6,1000,0.2,1400,0.2,1
0,5,646,1,0,500,0.6,1000,0.2,1400,0.2,0
0,6,654,2,10,5,0,500,0.6,1000,0.2,1400,0.2,0
0,7,374,1,0,500,0.6,1000,0.2,1400,0.2,2
0,8,655,2,10,5,0,500,0.6,1000,0.2,1400,0.2,1
1,0,774,1,0,300,0.5,1700,0.5,2
1,1,919,0,0,300,0.5,1700,0.5,2
1,2,772,0,0,300,0.5,1700,0.5,0
1,3,225,1,0,300,0.5,1700,0.5,0
1,4,449,1,0,300,0.5,1700,0.5,1
1,5,604,1,0,500,0.6,1000,0.2,1400,0.2,0
1,6,985,0,0,300,0.5,1700,0.5,1
1,7,195,1,0,500,0.6,1000,0.2,1400,0.2,2
1,8,382,0,0,500,0.6,1000,0.2,1400,0.2,0
2,0,950,0,0,300,0.5,1700,0.5,0
2,1,520,2,10,5,0,500,0.6,1000,0.2,1400,0.2,1
2,2,815,0,0,300,0.5,1700,0.5,1
2,3,965,1,0,500,0.6,1000,0.2,1400,0.2,2
2,4,228,1,0,500,0.6,1000,0.2,1400,0.2,0
2,5,310,1,0,500,0.6,1000,0.2,1400,0.2,1
2,6,826,2,10,5,0,500,0.6,1000,0.2,1400,0.2,0
2,7,823,1,0,300,0.5,1700,0.5,1
2,8,586,2,10,5,0,300,0.5,1700,0.5,2
3,0,63,2,10,5,0,300,0.5,1700,0.5,0
3,1,142,0,0,300,0.5,1700,0.5,0
3,2,864,2,10,5,0,500,0.6,1000,0.2,1400,0.2,0
3,3,579,2,10,5,0,500,0.6,1000,0.2,1400,0.2,0
3,4,558,2,10,5,0,300,0.5,1700,0.5,2
3,5,859,2,10,5,0,500,0.6,1000,0.2,1400,0.2,1
3,6,254,0,0,500,0.6,1000,0.2,1400,0.2,2
3,7,177,1,0,300,0.5,1700,0.5,2
3,8,283,2,10,5,0,300,0.5,1700,0.5,1
4,0,826,2,10,5,0,300,0.5,1700,0.5,0
4,1,166,1,0,300,0.5,1700,0.5,0
4,2,67,1,0,300,0.5,1700,0.5,0
4,3,612,1,0,500,0.6,1000,0.2,1400,0.2,1
4,4,537,2,10,5,0,300,0.5,1700,0.5,0
4,5,210,2,10,5,0,500,0.6,1000,0.2,1400,0.2,1
4,6,869,0,0,300,0.5,1700,0.5,2
4,7,398,2,10,5,0,300,0.5,1700,0.5,2
4,8,742,2,10,5,0,500,0.6,1000,0.2,1400,0.2,1
5,0,918,1,0,500,0.6,1000,0.2,1400,0.2,1
5,1,327,0,0,500,0.6,1000,0.2,1400,0.2,1
5,2,825,2,10,5,0,300,0.5,1700,0.5,0
5,3,209,1,0,500,0.6,1000,0.2,1400,0.2,0
5,4,987,1,0,500,0.6,1000,0.2,1400,0.2,1
5,5,343,0,0,500,0.6,1000,0.2,1400,0.2,0
5,6,426,0,0,500,0.6,1000,0.2,1400,0.2,0
5,7,976,1,0,300,0.5,1700,0.5,0
5,8,146,0,0,500,0.6,1000,0.2,1400,0.2,0
6,0,221,0,0,500,0.6,1000,0.2,1400,0.2,2
6,1,95,1,0,300,0.5,1700,0.5,2
6,2,238,1,0,300,0.5,1700,0.5,1
6,3,68,2,10,5,0,500,0.6,1000,0.2,1400,0.2,2
6,4,468,1,0,300,0.5,1700,0.5,2
6,5,678,0,0,300,0.5,1700,0.5,2
6,6,296,0,0,300,0.5,1700,0.5,1
6,7,121,0,0,300,0.5,1700,0.5,0
6,8,26,2,10,5,0,500,0.6,1000,0.2,1400,0.2,1
7,0,81,2,10,5,0,300,0.5,1700,0.5,0
7,1,207,1,0,500,0.6,1000,0.2,1400,0.2,0
7,2,856,0,0,500,0.6,1000,0.2,1400,0.2,2
7,3,330,1,0,500,0.6,1000,0.2,1400,0.2,0
7,4,556,1,0,500,0.6,1000,0.2,1400,0.2,1
7,5,554,1,0,500,0.6,1000,0.2,1400,0.2,1
7,6,687,2,10,5,0,500,0.6,1000,0.2,1400,0.2,2
7,7,571,1,0,300,0.5,1700,0.5,0
7,8,839,1,0,300,0.5,1700,0.5,1
8,0,239,1,0,500,0.6,1000,0.2,1400,0.2,2
8,1,870,1,0,500,0.6,1000,0.2,1400,0.2,1
8,2,20,1,0,300,0.5,1700,0.5,0
8,3,940,2,10,5,0,300,0.5,1700,0.5,2
8,4,659,0,0,300,0.5,1700,0.5,1
8,5,14,1,0,500,0.6,1000,0.2,1400,0.2,0
8,6,994,1,0,500,0.6,1000,0.2,1400,0.2,2
8,7,44,0,0,500,0.6,1000,0.2,1400,0.2,2
8,8,594,2,10,5,0,500,0.6,1000,0.2,1400,0.2,1
