0,0,349,0,0,500,0.6,1000,0.2,1400,0.2,2
0,1,744,1,0,300,0.5,1700,0.5,0
0,2,992,0,0,500,0.6,1000,0.2,1400,0.2,1
0,3,779,0,0,300,0.5,1700,0.5,0
0,4,672,0,0,300,0.5,1700,0.5,1
0,5,326,1,0,300,0.5,1700,0.5,0
0,6,345,1,0,300,0.5,1700,0.5,2
0,7,707,1,0,300,0.5,1700,0.5,2
0,8,960,2,10,5,0,300,0.5,1700,0.5,2
1,0,605,1,0,300,0.5,1700,0.5,1
1,1,348,0,0,500,0.6,1000,0.2,1400,0.2,2
1,2,705,2,10,5,0,300,0.5,1700,0.5,0
1,3,397,1,0,300,0.5,1700,0.5,2
1,4,254,1,0,300,0.5,1700,0.5,2
1,5,334,1,0,500,0.6,1000,0.2,1400,0.2,0
1,6,98,1,0,500,0.6,1000,0.2,1400,0.2,2
1,7,462,2,10,5,0,500,0.6,1000,0.2,1400,0.2,2
1,8,803,1,0,500,0.6,1000,0.2,1400,0.2,1
2,0,550,2,10,5,0,300,0.5,1700,0.5,1
2,1,264,2,10,5,0,300,0.5,1700,0.5,2
2,2,451,2,10,5,0,500,0.6,1000,0.2,1400,0.2,2
2,3,713,2,10,5,0,500,0.6,1000,0.2,1400,0.2,2
2,4,982,2,10,5,0,500,0.6,1000,0.2,1400,0.2,0
2,5,708,2,10,5,0,300,0.5,1700,0.5,2
2,6,504,0,0,500,0.6,1000,0.2,1400,0.2,1
2,7,685,2,10,5,0,300,0.5,1700,0.5,1
2,8,141,1,0,500,0.6,1000,0.2,1400,0.2,1
3,0,357,1,0,500,0.6,1000,0.2,1400,0.2,1
3,1,673,2,10,5,0,300,0.5,1700,0.5,2
3,2,250,0,0,500,0.6,1000,0.2,1400,0.2,1
3,3,621,1,0,300,0.5,1700,0.5,2
3,4,782,0,0,300,0.5,1700,0.5,0
3,5,721,1,0,500,0.6,1000,0.2,1400,0.2,2
3,6,117,0,0,300,0.5,1700,0.5,1
3,7,120,0,0,300,0.5,1700,0.5,0
3,8,754,1,0,500,0.6,1000,0.2,1400,0.2,2
4,0,952,2,10,5,0,300,0.5,1700,0.5,1
4,1,581,0,0,300,0.5,1700,0.5,0
4,2,416,1,0,500,0.6,1000,0.2,1400,0.2,0
4,3,496,0,0,300,0.5,1700,0.5,0
4,4,367,2,10,5,0,300,0.5,1700,0.5,0
4,5,682,1,0,500,0.6,1000,0.2,1400,0.2,0
4,6,616,0,0,300,0.5,1700,0.5,2
4,7,40,2,10,5,0,300,0.5,1700,0.5,2
4,8,522,0,0,500,0.6,1000,0.2,1400,0.2,2
5,0,88,2,10,5,0,300,0.5,1700,0.5,1
5,1,12,0,0,500,0.6,1000,0.2,1400,0.2,2
5,2,290,1,0,500,0.6,1000,0.2,1400,0.2,0
5,3,768,1,0,500,0.6,1000,0.2,1400,0.2,1
5,4,878,2,10,5,0,300,0.5,1700,0.5,1
5,5,255,0,0,500,0.6,1000,0.2,1400,0.2,0
5,6,783,1,0,300,0.5,1700,0.5,1
5,7,168,1,0,300,0.5,1700,0.5,1
5,8,887,0,0,300,0.5,1700,0.5,2
6,0,322,1,0,500,0.6,1000,0.2,1400,0.2,0
6,1,958,2,10,5,0,500,0.6,1000,0.2,1400,0.2,0
6,2,991,1,0,300,0.5,1700,0.5,1
6,3,879,1,0,500,0.6,1000,0.2,1400,0.2,2
6,4,91,0,0,300,0.5,1700,0.5,0
6,5,878,2,10,5,0,500,0.6,1000,0.2,1400,0.2,2
6,6,81,0,0,300,0.5,1700,0.5,2
6,7,416,2,10,5,0,500,0.6,1000,0.2,1400,0.2,0
6,8,468,1,0,300,0.5,1700,0.5,2
7,0,813,0,0,300,0.5,1700,0.5,2
7,1,225,0,0,500,0.6,1000,0.2,1400,0.2,2
7,2,591,0,0,500,0.6,1000,0.2,1400,0.2,2
7,3,324,0,0,500,0.6,1000,0.2,1400,0.2,2
7,4,362,2,10,5,0,300,0.5,1700,0.5,2
7,5,577,1,0,300,0.5,1700,0.5,1
7,6,428,0,0,500,0.6,1000,0.2,1400,0.2,2
7,7,530,0,0,300,0.5,1700,0.5,2
7,8,694,0,0,300,0.5,1700,0.5,1
8,0,146,0,0,300,0.5,1700,0.5,1
8,1,565,1,0,500,0.6,1000,0.2,1400,0.2,1
8,2,274,0,0,300,0.5,1700,0.5,1
8,3,230,2,10,5,0,500,0.6,1000,0.2,1400,0.2,2
8,4,275,1,0,500,0.6,1000,0.2,1400,0.2,1
8,5,987,1,0,300,0.5,1700,0.5,0
8,6,18,2,10,5,0,300,0.5,1700,0.5,1
8,7,280,2,10,5,0,500,0.6,1000,0.2,1400,0.2,1
8,8,570,2,10,5,0,300,0.5,1700,0.5,0
