0,0,452,2,10,5,0,500,0.6,1000,0.2,1400,0.2,1
0,1,63,1,0,300,0.5,1700,0.5,0
0,2,758,2,10,5,0,300,0.5,1700,0.5,1
0,3,116,0,0,500,0.6,1000,0.2,1400,0.2,2
0,4,201,2,10,5,0,300,0.5,1700,0.5,0
0,5,527,1,0,500,0.6,1000,0.2,1400,0.2,1
0,6,89,0,0,500,0.6,1000,0.2,1400,0.2,2
0,7,299,2,10,5,0,300,0.5,1700,0.5,2
0,8,404,0,0,300,0.5,1700,0.5,0
1,0,195,1,0,500,0.6,1000,0.2,1400,0.2,0
1,1,513,0,0,300,0.5,1700,0.5,0
1,2,728,0,0,300,0.5,1700,0.5,2
1,3,810,2,10,5,0,300,0.5,1700,0.5,2
1,4,968,0,0,500,0.6,1000,0.2,1400,0.2,2
1,5,87,0,0,300,0.5,1700,0.5,2
1,6,258,0,0,300,0.5,1700,0.5,0
1,7,553,0,0,500,0.6,1000,0.2,1400,0.2,1
1,8,502,0,0,500,0.6,1000,0.2,1400,0.2,0
2,0,99,1,0,300,0.5,1700,0.5,1
2,1,137,1,0,500,0.6,1000,0.2,1400,0.2,0
2,2,389,1,0,300,0.5,1700,0.5,2
2,3,634,1,0,300,0.5,1700,0.5,1
2,4,641,0,0,500,0.6,1000,0.2,1400,0.2,0
2,5,46,1,0,500,0.6,1000,0.2,1400,0.2,1
2,6,353,0,0,500,0.6,1000,0.2,1400,0.2,0
2,7,522,0,0,500,0.6,1000,0.2,1400,0.2,0
2,8,78,1,0,300,0.5,1700,0.5,2
3,0,141,0,0,500,0.6,1000,0.2,1400,0.2,2
3,1,63,1,0,500,0.6,1000,0.2,1400,0.2,1
3,2,591,0,0,300,0.5,1700,0.5,0
3,3,239,0,0,500,0.6,1000,0.2,1400,0.2,1
3,4,769,0,0,300,0.5,1700,0.5,0
3,5,410,1,0,500,0.6,1000,0.2,1400,0.2,0
3,6,988,0,0,300,0.5,1700,0.5,0
3,7,437,0,0,500,0.6,1000,0.2,1400,0.2,1
3,8,897,2,10,5,0,300,0.5,1700,0.5,0
4,0,88,1,0,300,0.5,1700,0.5,1
4,1,67,0,0,500,0.6,1000,0.2,1400,0.2,0
4,2,924,0,0,300,0.5,1700,0.5,2
4,3,595,1,0,500,0.6,1000,0.2,1400,0.2,2
4,4,35,2,10,5,0,300,0.5,1700,0.5,0
4,5,318,2,10,5,0,300,0.5,1700,0.5,1
4,6,527,2,10,5,0,500,0.6,1000,0.2,1400,0.2,0
4,7,873,1,0,300,0.5,1700,0.5,1
4,8,37,0,0,500,0.6,1000,0.2,1400,0.2,0
5,0,566,1,0,300,0.5,1700,0.5,2
5,1,548,0,0,300,0.5,1700,0.5,1
5,2,519,1,0,300,0.5,1700,0.5,2
5,3,430,1,0,500,0.6,1000,0.2,1400,0.2,1
5,4,595,1,0,300,0.5,1700,0.5,2
5,5,907,0,0,300,0.5,1700,0.5,0
5,6,648,0,0,300,0.5,1700,0.5,2
5,7,205,1,0,300,0.5,1700,0.5,0
5,8,887,0,0,500,0.6,1000,0.2,1400,0.2,0
6,0,753,2,10,5,0,500,0.6,1000,0.2,1400,0.2,1
6,1,613,0,0,300,0.5,1700,0.5,1
6,2,106,2,10,5,0,300,0.5,1700,0.5,0
6,3,514,1,0,500,0.6,1000,0.2,1400,0.2,0
6,4,143,0,0,500,0.6,1000,0.2,1400,0.2,0
6,5,758,2,10,5,0,300,0.5,1700,0.5,2
6,6,25,1,0,500,0.6,1000,0.2,1400,0.2,1
6,7,290,0,0,300,0.5,1700,0.5,2
6,8,920,0,0,300,0.5,1700,0.5,0
7,0,354,2,10,5,0,300,0.5,1700,0.5,1
7,1,489,1,0,300,0.5,1700,0.5,1
7,2,620,1,0,300,0.5,1700,0.5,0
7,3,56,1,0,300,0.5,1700,0.5,0
7,4,728,2,10,5,0,500,0.6,1000,0.2,1400,0.2,0
7,5,414,1,0,300,0.5,1700,0.5,1
7,6,366,2,10,5,0,500,0.6,1000,0.2,1400,0.2,2
7,7,835,2,10,5,0,500,0.6,1000,0.2,1400,0.2,0
7,8,292,0,0,500,0.6,1000,0.2,1400,0.2,1
8,0,289,1,0,300,0.5,1700,0.5,0
8,1,130,2,10,5,0,500,0.6,1000,0.2,1400,0.2,0
8,2,117,2,10,5,0,500,0.6,1000,0.2,1400,0.2,2
8,3,488,1,0,500,0.6,1000,0.2,1400,0.2,0
8,4,686,0,0,300,0.5,1700,0.5,2
8,5,691,0,0,300,0.5,1700,0.5,1
8,6,588,0,0,500,0.6,1000,0.2,1400,0.2,0
8,7,923,2,10,5,0,500,0.6,1000,0.2,1400,0.2,0
8,8,962,1,0,300,0.5,1700,0.5,2
