0,0,61,1,0,500,0.6,1000,0.2,1400,0.2,0
0,1,239,2,10,5,0,300,0.5,1700,0.5,1
0,2,433,1,0,300,0.5,1700,0.5,2
0,3,673,2,10,5,0,300,0.5,1700,0.5,2
0,4,1000,0,0,300,0.5,1700,0.5,2
0,5,877,1,0,500,0.6,1000,0.2,1400,0.2,1
0,6,413,0,0,500,0.6,1000,0.2,1400,0.2,2
0,7,516,2,10,5,0,500,0.6,1000,0.2,1400,0.2,2
0,8,48,1,0,300,0.5,1700,0.5,1
1,0,974,1,0,300,0.5,1700,0.5,2
1,1,632,1,0,500,0.6,1000,0.2,1400,0.2,0
1,2,738,1,0,300,0.5,1700,0.5,0
1,3,665,0,0,500,0.6,1000,0.2,1400,0.2,1
1,4,832,1,0,500,0.6,1000,0.2,1400,0.2,1
1,5,386,2,10,5,0,500,0.6,1000,0.2,1400,0.2,1
1,6,185,0,0,500,0.6,1000,0.2,1400,0.2,0
1,7,221,1,0,500,0.6,1000,0.2,1400,0.2,0
1,8,616,1,0,300,0.5,1700,0.5,0
2,0,746,1,0,300,0.5,1700,0.5,0
2,1,997,2,10,5,0,300,0.5,1700,0.5,2
2,2,282,1,0,500,0.6,1000,0.2,1400,0.2,2
2,3,478,1,0,500,0.6,1000,0.2,1400,0.2,2
2,4,552,0,0,500,0.6,1000,0.2,1400,0.2,1
2,5,585,1,0,500,0.6,1000,0.2,1400,0.2,0
2,6,155,2,10,5,0,300,0.5,1700,0.5,2
2,7,605,1,0,300,0.5,1700,0.5,2
2,8,959,0,0,500,0.6,1000,0.2,1400,0.2,2
3,0,484,2,10,5,0,500,0.6,1000,0.2,1400,0.2,2
3,1,936,0,0,500,0.6,1000,0.2,1400,0.2,2
3,2,280,2,10,5,0,500,0.6,1000,0.2,1400,0.2,1
3,3,147,1,0,500,0.6,1000,0.2,1400,0.2,0
3,4,147,1,0,300,0.5,1700,0.5,0
3,5,935,2,10,5,0,500,0.6,1000,0.2,1400,0.2,0
3,6,505,2,10,5,0,500,0.6,1000,0.2,1400,0.2,1
3,7,498,2,10,5,0,300,0.5,1700,0.5,0
3,8,173,2,10,5,0,500,0.6,1000,0.2,1400,0.2,2
4,0,80,2,10,5,0,500,0.6,1000,0.2,1400,0.2,2
4,1,171,2,10,5,0,300,0.5,1700,0.5,0
4,2,202,1,0,500,0.6,1000,0.2,1400,0.2,2
4,3,891,0,0,300,0.5,1700,0.5,1
4,4,683,2,10,5,0,300,0.5,1700,0.5,1
4,5,16,0,0,300,0.5,1700,0.5,0
4,6,939,1,0,300,0.5,1700,0.5,1
4,7,283,1,0,500,0.6,1000,0.2,1400,0.2,2
4,8,120,1,0,300,0.5,1700,0.5,2
5,0,540,1,0,300,0.5,1700,0.5,1
5,1,98,1,0,300,0.5,1700,0.5,0
5,2,730,1,0,500,0.6,1000,0.2,1400,0.2,1
5,3,348,2,10,5,0,300,0.5,1700,0.5,2
5,4,675,0,0,300,0.5,1700,0.5,0
5,5,245,0,0,300,0.5,1700,0.5,2
5,6,141,2,10,5,0,300,0.5,1700,0.5,2
5,7,166,2,10,5,0,300,0.5,1700,0.5,1
5,8,114,2,10,5,0,300,0.5,1700,0.5,0
6,0,327,1,0,500,0.6,1000,0.2,1400,0.2,2
6,1,92,0,0,300,0.5,1700,0.5,1
6,2,339,1,0,500,0.6,1000,0.2,1400,0.2,0
6,3,572,0,0,300,0.5,1700,0.5,0
6,4,535,0,0,300,0.5,1700,0.5,0
6,5,564,0,0,500,0.6,1000,0.2,1400,0.2,0
6,6,363,1,0,500,0.6,1000,0.2,1400,0.2,1
6,7,827,2,10,5,0,300,0.5,1700,0.5,0
6,8,284,1,0,300,0.5,1700,0.5,0
7,0,503,2,10,5,0,300,0.5,1700,0.5,1
7,1,507,0,0,500,0.6,1000,0.2,1400,0.2,1
7,2,686,0,0,300,0.5,1700,0.5,0
7,3,988,2,10,5,0,300,0.5,1700,0.5,0
7,4,58,2,10,5,0,500,0.6,1000,0.2,1400,0.2,0
7,5,644,2,10,5,0,300,0.5,1700,0.5,2
7,6,961,1,0,300,0.5,1700,0.5,2
7,7,257,2,10,5,0,500,0.6,1000,0.2,1400,0.2,2
7,8,269,1,0,500,0.6,1000,0.2,1400,0.2,0
8,0,313,1,0,300,0.5,1700,0.5,0
8,1,655,1,0,300,0.5,1700,0.5,2
8,2,514,1,0,500,0.6,1000,0.2,1400,0.2,0
8,3,363,1,0,300,0.5,1700,0.5,0
8,4,16,2,10,5,0,500,0.6,1000,0.2,1400,0.2,0
8,5,715,0,0,300,0.5,1700,0.5,0
8,6,524,2,10,5,0,500,0.6,1000,0.2,1400,0.2,1
8,7,956,2,10,5,0,300,0.5,1700,0.5,2
8,8,841,2,10,5,0,500,0.6,1000,0.2,1400,0.2,0
