0,0,597,1,0,500,0.6,1000,0.2,1400,0.2,2
0,1,901,1,0,500,0.6,1000,0.2,1400,0.2,0
0,2,675,0,0,300,0.5,1700,0.5,2
0,3,909,0,0,500,0.6,1000,0.2,1400,0.2,0
0,4,902,1,0,300,0.5,1700,0.5,2
0,5,366,2,10,5,0,500,0.6,1000,0.2,1400,0.2,0
0,6,985,2,10,5,0,300,0.5,1700,0.5,0
0,7,470,1,0,500,0.6,1000,0.2,1400,0.2,0
0,8,356,2,10,5,0,500,0.6,1000,0.2,1400,0.2,1
1,0,69,0,0,300,0.5,1700,0.5,1
1,1,628,0,0,500,0.6,1000,0.2,1400,0.2,1
1,2,621,2,10,5,0,500,0.6,1000,0.2,1400,0.2,2
1,3,675,0,0,300,0.5,1700,0.5,0
1,4,952,0,0,300,0.5,1700,0.5,1
1,5,933,0,0,300,0.5,1700,0.5,2
1,6,79,2,10,5,0,300,0.5,1700,0.5,0
1,7,752,0,0,500,0.6,1000,0.2,1400,0.2,2
1,8,198,2,10,5,0,500,0.6,1000,0.2,1400,0.2,0
2,0,616,2,10,5,0,300,0.5,1700,0.5,0
2,1,948,0,0,500,0.6,1000,0.2,1400,0.2,2
2,2,732,2,10,5,0,500,0.6,1000,0.2,1400,0.2,0
2,3,833,2,10,5,0,500,0.6,1000,0.2,1400,0.2,2
2,4,190,1,0,500,0.6,1000,0.2,1400,0.2,1
2,5,36,0,0,300,0.5,1700,0.5,0
2,6,359,1,0,300,0.5,1700,0.5,0
2,7,567,0,0,300,0.5,1700,0.5,2
2,8,763,0,0,300,0.5,1700,0.5,0
3,0,588,0,0,500,0.6,1000,0.2,1400,0.2,2
3,1,962,1,0,300,0.5,1700,0.5,2
3,2,266,2,10,5,0,300,0.5,1700,0.5,2
3,3,529,2,10,5,0,300,0.5,1700,0.5,2
3,4,434,0,0,500,0.6,1000,0.2,1400,0.2,0
3,5,922,2,10,5,0,500,0.6,1000,0.2,1400,0.2,0
3,6,945,0,0,300,0.5,1700,0.5,2
3,7,569,2,10,5,0,300,0.5,1700,0.5,1
3,8,791,0,0,300,0.5,1700,0.5,0
4,0,305,0,0,500,0.6,1000,0.2,1400,0.2,2
4,1,605,2,10,5,0,500,0.6,1000,0.2,1400,0.2,0
4,2,265,2,10,5,0,300,0.5,1700,0.5,2
4,3,523,0,0,500,0.6,1000,0.2,1400,0.2,1
4,4,508,1,0,500,0.6,1000,0.2,1400,0.2,1
4,5,588,0,0,300,0.5,1700,0.5,0
4,6,213,1,0,300,0.5,1700,0.5,0
4,7,904,2,10,5,0,300,0.5,1700,0.5,1
4,8,477,1,0,500,0.6,1000,0.2,1400,0.2,1
5,0,613,0,0,300,0.5,1700,0.5,1
5,1,476,1,0,500,0.6,1000,0.2,1400,0.2,1
5,2,341,1,0,300,0.5,1700,0.5,0
5,3,369,2,10,5,0,300,0.5,1700,0.5,0
5,4,969,1,0,300,0.5,1700,0.5,0
5,5,298,0,0,500,0.6,1000,0.2,1400,0.2,0
5,6,904,0,0,500,0.6,1000,0.2,1400,0.2,2
5,7,380,1,0,500,0.6,1000,0.2,1400,0.2,0
5,8,48,1,0,500,0.6,1000,0.2,1400,0.2,1
6,0,699,0,0,300,0.5,1700,0.5,0
6,1,207,1,0,500,0.6,1000,0.2,1400,0.2,1
6,2,192,0,0,500,0.6,1000,0.2,1400,0.2,2
6,3,275,2,10,5,0,300,0.5,1700,0.5,2
6,4,188,2,10,5,0,500,0.6,1000,0.2,1400,0.2,0
6,5,415,2,10,5,0,300,0.5,1700,0.5,0
6,6,992,2,10,5,0,300,0.5,1700,0.5,2
6,7,973,1,0,500,0.6,1000,0.2,1400,0.2,2
6,8,453,2,10,5,0,300,0.5,1700,0.5,0
7,0,623,1,0,300,0.5,1700,0.5,1
7,1,973,2,10,5,0,300,0.5,1700,0.5,1
7,2,352,2,10,5,0,300,0.5,1700,0.5,0
7,3,721,0,0,300,0.5,1700,0.5,1
7,4,314,1,0,500,0.6,1000,0.2,1400,0.2,1
7,5,216,2,10,5,0,500,0.6,1000,0.2,1400,0.2,0
7,6,22,1,0,500,0.6,1000,0.2,1400,0.2,0
7,7,981,1,0,300,0.5,1700,0.5,0
7,8,909,2,10,5,0,300,0.5,1700,0.5,2
8,0,622,2,10,5,0,500,0.6,1000,0.2,1400,0.2,0
8,1,988,2,10,5,0,300,0.5,1700,0.5,1
8,2,57,1,0,500,0.6,1000,0.2,1400,0.2,0
8,3,12,0,0,500,0.6,1000,0.2,1400,0.2,2
8,4,655,1,0,300,0.5,1700,0.5,0
8,5,889,0,0,300,0.5,1700,0.5,2
8,6,404,1,0,300,0.5,1700,0.5,1
8,7,78,2,10,5,0,300,0.5,1700,0.5,1
8,8,655,2,10,5,0,300,0.5,1700,0.5,1
