0,0,661,2,10,5,0,300,0.5,1700,0.5,2
0,1,704,2,10,5,0,300,0.5,1700,0.5,1
0,2,211,1,0,300,0.5,1700,0.5,0
0,3,631,0,0,300,0.5,1700,0.5,1
0,4,951,0,0,300,0.5,1700,0.5,2
0,5,21,1,0,300,0.5,1700,0.5,0
0,6,826,2,10,5,0,300,0.5,1700,0.5,1
0,7,376,1,0,500,0.6,1000,0.2,1400,0.2,2
0,8,118,0,0,300,0.5,1700,0.5,1
1,0,643,0,0,300,0.5,1700,0.5,2
1,1,540,1,0,300,0.5,1700,0.5,1
1,2,430,2,10,5,0,500,0.6,1000,0.2,1400,0.2,0
1,3,448,0,0,300,0.5,1700,0.5,0
1,4,189,0,0,500,0.6,1000,0.2,1400,0.2,0
1,5,721,2,10,5,0,300,0.5,1700,0.5,0
1,6,246,2,10,5,0,300,0.5,1700,0.5,0
1,7,806,1,0,500,0.6,1000,0.2,1400,0.2,2
1,8,234,2,10,5,0,500,0.6,1000,0.2,1400,0.2,0
2,0,605,0,0,500,0.6,1000,0.2,1400,0.2,0
2,1,672,1,0,500,0.6,1000,0.2,1400,0.2,2
2,2,934,1,0,300,0.5,1700,0.5,1
2,3,670,1,0,500,0.6,1000,0.2,1400,0.2,1
2,4,831,2,10,5,0,300,0.5,1700,0.5,2
2,5,283,2,10,5,0,300,0.5,1700,0.5,2
2,6,602,1,0,500,0.6,1000,0.2,1400,0.2,1
2,7,439,1,0,500,0.6,1000,0.2,1400,0.2,1
2,8,279,0,0,500,0.6,1000,0.2,1400,0.2,1
3,0,43,0,0,500,0.6,1000,0.2,1400,0.2,1
3,1,798,1,0,500,0.6,1000,0.2,1400,0.2,2
3,2,302,0,0,500,0.6,1000,0.2,1400,0.2,2
3,3,355,0,0,300,0.5,1700,0.5,0
3,4,628,0,0,500,0.6,1000,0.2,1400,0.2,0
3,5,319,2,10,5,0,300,0.5,1700,0.5,2
3,6,27,2,10,5,0,500,0.6,1000,0.2,1400,0.2,0
3,7,831,2,10,5,0,300,0.5,1700,0.5,2
3,8,474,0,0,500,0.6,1000,0.2,1400,0.2,1
4,0,81,0,0,500,0.6,1000,0.2,1400,0.2,0
4,1,629,2,10,5,0,300,0.5,1700,0.5,0
4,2,195,0,0,500,0.6,1000,0.2,1400,0.2,0
4,3,341,2,10,5,0,500,0.6,1000,0.2,1400,0.2,2
4,4,208,1,0,300,0.5,1700,0.5,2
4,5,118,0,0,500,0.6,1000,0.2,1400,0.2,1
4,6,201,2,10,5,0,500,0.6,1000,0.2,1400,0.2,1
4,7,446,2,10,5,0,300,0.5,1700,0.5,1
4,8,771,1,0,500,0.6,1000,0.2,1400,0.2,0
5,0,793,2,10,5,0,500,0.6,1000,0.2,1400,0.2,1
5,1,98,1,0,300,0.5,1700,0.5,1
5,2,711,2,10,5,0,500,0.6,1000,0.2,1400,0.2,2
5,3,977,1,0,500,0.6,1000,0.2,1400,0.2,1
5,4,453,0,0,500,0.6,1000,0.2,1400,0.2,1
5,5,498,1,0,500,0.6,1000,0.2,1400,0.2,1
5,6,530,1,0,300,0.5,1700,0.5,2
5,7,906,1,0,300,0.5,1700,0.5,2
5,8,865,1,0,300,0.5,1700,0.5,2
6,0,103,1,0,300,0.5,1700,0.5,1
6,1,736,2,10,5,0,500,0.6,1000,0.2,1400,0.2,2
6,2,342,0,0,300,0.5,1700,0.5,1
6,3,47,2,10,5,0,300,0.5,1700,0.5,0
6,4,333,2,10,5,0,300,0.5,1700,0.5,0
6,5,227,1,0,500,0.6,1000,0.2,1400,0.2,2
6,6,374,1,0,300,0.5,1700,0.5,1
6,7,284,1,0,500,0.6,1000,0.2,1400,0.2,0
6,8,751,1,0,300,0.5,1700,0.5,1
7,0,633,1,0,500,0.6,1000,0.2,1400,0.2,0
7,1,244,1,0,500,0.6,1000,0.2,1400,0.2,0
7,2,823,2,10,5,0,300,0.5,1700,0.5,0
7,3,212,0,0,500,0.6,1000,0.2,1400,0.2,2
7,4,444,1,0,300,0.5,1700,0.5,1
7,5,492,1,0,300,0.5,1700,0.5,2
7,6,407,0,0,500,0.6,1000,0.2,1400,0.2,0
7,7,27,2,10,5,0,500,0.6,1000,0.2,1400,0.2,1
7,8,11,0,0,500,0.6,1000,0.2,1400,0.2,0
8,0,734,1,0,500,0.6,1000,0.2,1400,0.2,0
8,1,750,2,10,5,0,500,0.6,1000,0.2,1400,0.2,2
8,2,744,1,0,300,0.5,1700,0.5,2
8,3,863,1,0,300,0.5,1700,0.5,0
8,4,751,1,0,300,0.5,1700,0.5,0
8,5,829,1,0,500,0.6,1000,0.2,1400,0.2,1
8,6,86,2,10,5,0,300,0.5,1700,0.5,2
8,7,515,0,0,300,0.5,1700,0.5,0
8,8,500,1,0,300,0.5,1700,0.5,2
