0,0,885,0,0,300,0.5,1700,0.5,1
0,1,808,1,0,500,0.6,1000,0.2,1400,0.2,2
0,2,707,1,0,300,0.5,1700,0.5,1
0,3,507,2,10,5,0,300,0.5,1700,0.5,2
0,4,701,1,0,500,0.6,1000,0.2,1400,0.2,0
0,5,777,2,10,5,0,500,0.6,1000,0.2,1400,0.2,0
0,6,395,0,0,500,0.6,1000,0.2,1400,0.2,1
0,7,817,1,0,500,0.6,1000,0.2,1400,0.2,1
0,8,320,2,10,5,0,500,0.6,1000,0.2,1400,0.2,1
1,0,170,1,0,300,0.5,1700,0.5,2
1,1,942,2,10,5,0,300,0.5,1700,0.5,2
1,2,510,0,0,500,0.6,1000,0.2,1400,0.2,2
1,3,492,0,0,300,0.5,1700,0.5,0
1,4,871,0,0,300,0.5,1700,0.5,1
1,5,164,1,0,300,0.5,1700,0.5,0
1,6,108,1,0,300,0.5,1700,0.5,2
1,7,890,1,0,300,0.5,1700,0.5,1
1,8,613,2,10,5,0,300,0.5,1700,0.5,0
2,0,570,0,0,500,0.6,1000,0.2,1400,0.2,2
2,1,605,2,10,5,0,500,0.6,1000,0.2,1400,0.2,0
2,2,150,0,0,500,0.6,1000,0.2,1400,0.2,2
2,3,688,1,0,300,0.5,1700,0.5,0
2,4,157,1,0,500,0.6,1000,0.2,1400,0.2,2
2,5,667,1,0,300,0.5,1700,0.5,0
2,6,612,2,10,5,0,500,0.6,1000,0.2,1400,0.2,1
2,7,657,2,10,5,0,500,0.6,1000,0.2,1400,0.2,0
2,8,635,2,10,5,0,500,0.6,1000,0.2,1400,0.2,1
3,0,915,2,10,5,0,300,0.5,1700,0.5,0
3,1,345,2,10,5,0,300,0.5,1700,0.5,1
3,2,659,0,0,500,0.6,1000,0.2,1400,0.2,0
3,3,570,0,0,300,0.5,1700,0.5,1
3,4,621,2,10,5,0,300,0.5,1700,0.5,0
3,5,832,2,10,5,0,500,0.6,1000,0.2,1400,0.2,0
3,6,119,2,10,5,0,500,0.6,1000,0.2,1400,0.2,2
3,7,847,2,10,5,0,500,0.6,1000,0.2,1400,0.2,1
3,8,564,0,0,300,0.5,1700,0.5,1
4,0,715,1,0,500,0.6,1000,0.2,1400,0.2,1
4,1,199,2,10,5,0,500,0.6,1000,0.2,1400,0.2,0
4,2,472,0,0,300,0.5,1700,0.5,1
4,3,311,2,10,5,0,500,0.6,1000,0.2,1400,0.2,1
4,4,311,0,0,500,0.6,1000,0.2,1400,0.2,2
4,5,735,1,0,500,0.6,1000,0.2,1400,0.2,2
4,6,161,2,10,5,0,300,0.5,1700,0.5,0
4,7,733,0,0,300,0.5,1700,0.5,0
4,8,278,0,0,300,0.5,1700,0.5,2
5,0,557,1,0,300,0.5,1700,0.5,0
5,1,516,1,0,300,0.5,1700,0.5,1
5,2,735,2,10,5,0,300,0.5,1700,0.5,2
5,3,428,0,0,500,0.6,1000,0.2,1400,0.2,2
5,4,780,2,10,5,0,500,0.6,1000,0.2,1400,0.2,0
5,5,491,1,0,300,0.5,1700,0.5,2
5,6,195,0,0,300,0.5,1700,0.5,1
5,7,878,0,0,500,0.6,1000,0.2,1400,0.2,2
5,8,964,0,0,300,0.5,1700,0.5,0
6,0,21,2,10,5,0,300,0.5,1700,0.5,0
6,1,116,2,10,5,0,500,0.6,1000,0.2,1400,0.2,0
6,2,640,0,0,300,0.5,1700,0.5,2
6,3,478,0,0,500,0.6,1000,0.2,1400,0.2,2
6,4,864,0,0,300,0.5,1700,0.5,0
6,5,137,2,10,5,0,300,0.5,1700,0.5,1
6,6,882,0,0,300,0.5,1700,0.5,1
6,7,629,2,10,5,0,300,0.5,1700,0.5,0
6,8,465,0,0,500,0.6,1000,0.2,1400,0.2,1
7,0,132,0,0,300,0.5,1700,0.5,0
7,1,110,0,0,300,0.5,1700,0.5,2
7,2,32,1,0,500,0.6,1000,0.2,1400,0.2,0
7,3,252,1,0,300,0.5,1700,0.5,1
7,4,54,0,0,500,0.6,1000,0.2,1400,0.2,1
7,5,458,0,0,300,0.5,1700,0.5,2
7,6,195,2,10,5,0,500,0.6,1000,0.2,1400,0.2,1
7,7,911,2,10,5,0,300,0.5,1700,0.5,2
7,8,303,1,0,300,0.5,1700,0.5,2
8,0,11,0,0,300,0.5,1700,0.5,1
8,1,19,1,0,300,0.5,1700,0.5,0
8,2,693,0,0,300,0.5,1700,0.5,0
8,3,504,1,0,300,0.5,1700,0.5,0
8,4,139,2,10,5,0,500,0.6,1000,0.2,1400,0.2,0
8,5,754,1,0,300,0.5,1700,0.5,2
8,6,237,1,0,500,0.6,1000,0.2,1400,0.2,2
8,7,937,1,0,500,0.6,1000,0.2,1400,0.2,0
8,8,626,2,10,5,0,500,0.6,1000,0.2,1400,0.2,2
