0,0,141,0,0,500,0.6,1000,0.2,1400,0.2,2
0,1,394,0,0,300,0.5,1700,0.5,2
0,2,317,1,0,300,0.5,1700,0.5,0
0,3,936,0,0,500,0.6,1000,0.2,1400,0.2,0
0,4,922,2,10,5,0,300,0.5,1700,0.5,0
0,5,586,0,0,500,0.6,1000,0.2,1400,0.2,2
0,6,391,2,10,5,0,300,0.5,1700,0.5,0
0,7,812,2,10,5,0,500,0.6,1000,0.2,1400,0.2,1
0,8,582,0,0,500,0.6,1000,0.2,1400,0.2,0
1,0,621,0,0,300,0.5,1700,0.5,2
1,1,828,2,10,5,0,500,0.6,1000,0.2,1400,0.2,1
1,2,371,2,10,5,0,300,0.5,1700,0.5,1
1,3,366,1,0,500,0.6,1000,0.2,1400,0.2,2
1,4,229,1,0,500,0.6,1000,0.2,1400,0.2,2
1,5,166,1,0,500,0.6,1000,0.2,1400,0.2,2
1,6,958,1,0,300,0.5,1700,0.5,0
1,7,189,2,10,5,0,500,0.6,1000,0.2,1400,0.2,0
1,8,160,1,0,500,0.6,1000,0.2,1400,0.2,2
2,0,145,0,0,500,0.6,1000,0.2,1400,0.2,2
2,1,798,1,0,300,0.5,1700,0.5,1
2,2,767,1,0,300,0.5,1700,0.5,0
2,3,264,0,0,500,0.6,1000,0.2,1400,0.2,2
2,4,856,1,0,300,0.5,1700,0.5,0
2,5,902,1,0,500,0.6,1000,0.2,1400,0.2,1
2,6,485,0,0,300,0.5,1700,0.5,0
2,7,260,2,10,5,0,500,0.6,1000,0.2,1400,0.2,0
2,8,330,2,10,5,0,300,0.5,1700,0.5,1
3,0,584,2,10,5,0,300,0.5,1700,0.5,0
3,1,383,2,10,5,0,500,0.6,1000,0.2,1400,0.2,1
3,2,668,2,10,5,0,300,0.5,1700,0.5,0
3,3,402,1,0,500,0.6,1000,0.2,1400,0.2,1
3,4,652,2,10,5,0,500,0.6,1000,0.2,1400,0.2,0
3,5,939,0,0,300,0.5,1700,0.5,0
3,6,290,2,10,5,0,500,0.6,1000,0.2,1400,0.2,1
3,7,182,0,0,300,0.5,1700,0.5,0
3,8,958,0,0,300,0.5,1700,0.5,0
4,0,940,2,10,5,0,500,0.6,1000,0.2,1400,0.2,0
4,1,936,2,10,5,0,500,0.6,1000,0.2,1400,0.2,1
4,2,158,0,0,500,0.6,1000,0.2,1400,0.2,0
4,3,349,0,0,300,0.5,1700,0.5,1
4,4,666,2,10,5,0,300,0.5,1700,0.5,2
4,5,979,1,0,500,0.6,1000,0.2,1400,0.2,2
4,6,757,0,0,500,0.6,1000,0.2,1400,0.2,1
4,7,358,0,0,500,0.6,1000,0.2,1400,0.2,0
4,8,118,1,0,500,0.6,1000,0.2,1400,0.2,1
5,0,178,1,0,300,0.5,1700,0.5,2
5,1,293,0,0,500,0.6,1000,0.2,1400,0.2,2
5,2,56,2,10,5,0,500,0.6,1000,0.2,1400,0.2,1
5,3,706,0,0,500,0.6,1000,0.2,1400,0.2,0
5,4,401,1,0,500,0.6,1000,0.2,1400,0.2,2
5,5,380,0,0,500,0.6,1000,0.2,1400,0.2,0
5,6,842,1,0,500,0.6,1000,0.2,1400,0.2,0
5,7,10,2,10,5,0,500,0.6,1000,0.2,1400,0.2,2
5,8,765,0,0,300,0.5,1700,0.5,2
6,0,40,2,10,5,0,500,0.6,1000,0.2,1400,0.2,0
6,1,387,0,0,300,0.5,1700,0.5,2
6,2,235,1,0,300,0.5,1700,0.5,2
6,3,194,2,10,5,0,300,0.5,1700,0.5,2
6,4,209,1,0,300,0.5,1700,0.5,2
6,5,508,1,0,300,0.5,1700,0.5,1
6,6,155,1,0,500,0.6,1000,0.2,1400,0.2,0
6,7,573,0,0,500,0.6,1000,0.2,1400,0.2,0
6,8,811,1,0,300,0.5,1700,0.5,0
7,0,919,2,10,5,0,300,0.5,1700,0.5,1
7,1,290,2,10,5,0,300,0.5,1700,0.5,1
7,2,623,0,0,300,0.5,1700,0.5,0
7,3,302,1,0,500,0.6,1000,0.2,1400,0.2,0
7,4,809,2,10,5,0,500,0.6,1000,0.2,1400,0.2,0
7,5,70,2,10,5,0,500,0.6,1000,0.2,1400,0.2,1
7,6,364,2,10,5,0,500,0.6,1000,0.2,1400,0.2,2
7,7,213,2,10,5,0,300,0.5,1700,0.5,2
7,8,88,2,10,5,0,300,0.5,1700,0.5,2
8,0,309,2,10,5,0,300,0.5,1700,0.5,2
8,1,460,2,10,5,0,500,0.6,1000,0.2,1400,0.2,0
8,2,714,2,10,5,0,300,0.5,1700,0.5,2
8,3,794,0,0,300,0.5,1700,0.5,2
8,4,630,2,10,5,0,300,0.5,1700,0.5,1
8,5,786,0,0,500,0.6,1000,0.2,1400,0.2,2
8,6,961,0,0,300,0.5,1700,0.5,2
8,7,51,0,0,500,0.6,1000,0.2,1400,0.2,1
8,8,898,1,0,500,0.6,1000,0.2,1400,0.2,0
