0,0,727,2,10,5,0,500,0.6,1000,0.2,1400,0.2,2
0,1,763,2,10,5,0,300,0.5,1700,0.5,2
0,2,611,0,0,300,0.5,1700,0.5,2
0,3,711,0,0,300,0.5,1700,0.5,1
0,4,754,2,10,5,0,500,0.6,1000,0.2,1400,0.2,1
0,5,922,1,0,300,0.5,1700,0.5,1
0,6,427,0,0,500,0.6,1000,0.2,1400,0.2,1
0,7,583,2,10,5,0,500,0.6,1000,0.2,1400,0.2,1
0,8,292,2,10,5,0,500,0.6,1000,0.2,1400,0.2,2
1,0,397,0,0,300,0.5,1700,0.5,0
1,1,674,0,0,300,0.5,1700,0.5,2
1,2,963,1,0,300,0.5,1700,0.5,2
1,3,506,0,0,300,0.5,1700,0.5,2
1,4,998,1,0,500,0.6,1000,0.2,1400,0.2,0
1,5,485,1,0,500,0.6,1000,0.2,1400,0.2,1
1,6,328,0,0,500,0.6,1000,0.2,1400,0.2,0
1,7,504,1,0,300,0.5,1700,0.5,0
1,8,471,1,0,300,0.5,1700,0.5,0
2,0,186,2,10,5,0,300,0.5,1700,0.5,1
2,1,343,0,0,300,0.5,1700,0.5,0
2,2,133,2,10,5,0,300,0.5,1700,0.5,1
2,3,712,2,10,5,0,300,0.5,1700,0.5,2
2,4,745,0,0,500,0.6,1000,0.2,1400,0.2,1
2,5,977,2,10,5,0,300,0.5,1700,0.5,0
2,6,814,2,10,5,0,500,0.6,1000,0.2,1400,0.2,0
2,7,323,1,0,300,0.5,1700,0.5,2
2,8,263,1,0,500,0.6,1000,0.2,1400,0.2,2
3,0,977,0,0,300,0.5,1700,0.5,1
3,1,629,1,0,500,0.6,1000,0.2,1400,0.2,1
3,2,95,2,10,5,0,500,0.6,1000,0.2,1400,0.2,0
3,3,32,1,0,300,0.5,1700,0.5,1
3,4,162,1,0,500,0.6,1000,0.2,1400,0.2,0
3,5,626,1,0,500,0.6,1000,0.2,1400,0.2,0
3,6,917,2,10,5,0,300,0.5,1700,0.5,1
3,7,262,0,0,300,0.5,1700,0.5,1
3,8,623,0,0,300,0.5,1700,0.5,2
4,0,681,2,10,5,0,300,0.5,1700,0.5,1
4,1,328,0,0,500,0.6,1000,0.2,1400,0.2,0
4,2,353,1,0,300,0.5,1700,0.5,2
4,3,91,0,0,500,0.6,1000,0.2,1400,0.2,1
4,4,393,0,0,500,0.6,1000,0.2,1400,0.2,2
4,5,52,0,0,300,0.5,1700,0.5,0
4,6,781,2,10,5,0,500,0.6,1000,0.2,1400,0.2,2
4,7,517,0,0,300,0.5,1700,0.5,2
4,8,720,1,0,500,0.6,1000,0.2,1400,0.2,0
5,0,876,2,10,5,0,300,0.5,1700,0.5,1
5,1,767,2,10,5,0,500,0.6,1000,0.2,1400,0.2,0
5,2,171,1,0,500,0.6,1000,0.2,1400,0.2,0
5,3,656,1,0,300,0.5,1700,0.5,0
5,4,334,1,0,500,0.6,1000,0.2,1400,0.2,2
5,5,592,2,10,5,0,500,0.6,1000,0.2,1400,0.2,0
5,6,525,0,0,500,0.6,1000,0.2,1400,0.2,1
5,7,980,0,0,500,0.6,1000,0.2,1400,0.2,2
5,8,505,2,10,5,0,500,0.6,1000,0.2,1400,0.2,1
6,0,23,1,0,500,0.6,1000,0.2,1400,0.2,2
6,1,950,2,10,5,0,500,0.6,1000,0.2,1400,0.2,1
6,2,904,2,10,5,0,300,0.5,1700,0.5,2
6,3,119,0,0,300,0.5,1700,0.5,2
6,4,684,1,0,300,0.5,1700,0.5,0
6,5,669,1,0,300,0.5,1700,0.5,1
6,6,667,1,0,300,0.5,1700,0.5,0
6,7,871,2,10,5,0,500,0.6,1000,0.2,1400,0.2,1
6,8,776,2,10,5,0,300,0.5,1700,0.5,2
7,0,774,2,10,5,0,500,0.6,1000,0.2,1400,0.2,0
7,1,541,2,10,5,0,300,0.5,1700,0.5,0
7,2,798,2,10,5,0,300,0.5,1700,0.5,0
7,3,524,2,10,5,0,500,0.6,1000,0.2,1400,0.2,1
7,4,277,0,0,300,0.5,1700,0.5,1
7,5,932,0,0,300,0.5,1700,0.5,2
7,6,514,2,10,5,0,300,0.5,1700,0.5,2
7,7,844,1,0,500,0.6,1000,0.2,1400,0.2,2
7,8,220,0,0,300,0.5,1700,0.5,1
8,0,468,2,10,5,0,500,0.6,1000,0.2,1400,0.2,0
8,1,188,2,10,5,0,500,0.6,1000,0.2,1400,0.2,0
8,2,916,2,10,5,0,500,0.6,1000,0.2,1400,0.2,1
8,3,352,0,0,300,0.5,1700,0.5,1
8,4,351,2,10,5,0,500,0.6,1000,0.2,1400,0.2,0
8,5,243,0,0,500,0.6,1000,0.2,1400,0.2,2
8,6,584,0,0,300,0.5,1700,0.5,1
8,7,515,2,10,5,0,500,0.6,1000,0.2,1400,0.2,1
8,8,712,2,10,5,0,500,0.6,1000,0.2,1400,0.2,0
