0,0,500,2,10,5,0,300,0.5,1700,0.5,0
0,1,883,0,0,300,0.5,1700,0.5,2
0,2,738,0,0,500,0.6,1000,0.2,1400,0.2,1
0,3,485,0,0,500,0.6,1000,0.2,1400,0.2,2
0,4,437,0,0,500,0.6,1000,0.2,1400,0.2,2
0,5,131,1,0,300,0.5,1700,0.5,1
0,6,924,0,0,300,0.5,1700,0.5,2
0,7,286,1,0,300,0.5,1700,0.5,1
0,8,715,0,0,300,0.5,1700,0.5,2
1,0,942,1,0,500,0.6,1000,0.2,1400,0.2,2
1,1,42,1,0,300,0.5,1700,0.5,2
1,2,897,0,0,300,0.5,1700,0.5,2
1,3,165,2,10,5,0,300,0.5,1700,0.5,2
1,4,395,2,10,5,0,300,0.5,1700,0.5,0
1,5,320,2,10,5,0,300,0.5,1700,0.5,2
1,6,317,2,10,5,0,300,0.5,1700,0.5,2
1,7,184,1,0,300,0.5,1700,0.5,2
1,8,623,1,0,300,0.5,1700,0.5,1
2,0,636,2,10,5,0,500,0.6,1000,0.2,1400,0.2,0
2,1,111,1,0,300,0.5,1700,0.5,2
2,2,56,1,0,500,0.6,1000,0.2,1400,0.2,0
2,3,649,1,0,500,0.6,1000,0.2,1400,0.2,2
2,4,595,1,0,500,0.6,1000,0.2,1400,0.2,0
2,5,176,2,10,5,0,500,0.6,1000,0.2,1400,0.2,1
2,6,38,0,0,500,0.6,1000,0.2,1400,0.2,1
2,7,554,1,0,300,0.5,1700,0.5,2
2,8,625,2,10,5,0,300,0.5,1700,0.5,2
3,0,383,2,10,5,0,500,0.6,1000,0.2,1400,0.2,1
3,1,944,2,10,5,0,300,0.5,1700,0.5,0
3,2,446,0,0,500,0.6,1000,0.2,1400,0.2,0
3,3,443,0,0,500,0.6,1000,0.2,1400,0.2,2
3,4,371,0,0,500,0.6,1000,0.2,1400,0.2,1
3,5,886,0,0,300,0.5,1700,0.5,2
3,6,584,2,10,5,0,300,0.5,1700,0.5,1
3,7,110,2,10,5,0,500,0.6,1000,0.2,1400,0.2,1
3,8,215,2,10,5,0,300,0.5,1700,0.5,1
4,0,998,0,0,500,0.6,1000,0.2,1400,0.2,1
4,1,770,0,0,300,0.5,1700,0.5,2
4,2,949,0,0,300,0.5,1700,0.5,2
4,3,882,2,10,5,0,300,0.5,1700,0.5,1
4,4,170,2,10,5,0,300,0.5,1700,0.5,1
4,5,800,1,0,500,0.6,1000,0.2,1400,0.2,0
4,6,950,0,0,300,0.5,1700,0.5,0
4,7,692,2,10,5,0,300,0.5,1700,0.5,0
4,8,840,1,0,300,0.5,1700,0.5,2
5,0,966,1,0,500,0.6,1000,0.2,1400,0.2,2
5,1,852,1,0,300,0.5,1700,0.5,2
5,2,851,0,0,500,0.6,1000,0.2,1400,0.2,0
5,3,493,1,0,500,0.6,1000,0.2,1400,0.2,2
5,4,844,1,0,300,0.5,1700,0.5,1
5,5,64,0,0,500,0.6,1000,0.2,1400,0.2,1
5,6,347,1,0,300,0.5,1700,0.5,1
5,7,258,0,0,300,0.5,1700,0.5,0
5,8,106,1,0,500,0.6,1000,0.2,1400,0.2,1
6,0,448,2,10,5,0,300,0.5,1700,0.5,1
6,1,313,0,0,500,0.6,1000,0.2,1400,0.2,2
6,2,871,2,10,5,0,300,0.5,1700,0.5,2
6,3,881,2,10,5,0,500,0.6,1000,0.2,1400,0.2,1
6,4,428,1,0,500,0.6,1000,0.2,1400,0.2,2
6,5,578,1,0,300,0.5,1700,0.5,1
6,6,536,1,0,300,0.5,1700,0.5,2
6,7,946,1,0,500,0.6,1000,0.2,1400,0.2,0
6,8,931,1,0,500,0.6,1000,0.2,1400,0.2,1
7,0,586,1,0,300,0.5,1700,0.5,2
7,1,835,0,0,500,0.6,1000,0.2,1400,0.2,0
7,2,446,0,0,500,0.6,1000,0.2,1400,0.2,2
7,3,556,0,0,300,0.5,1700,0.5,0
7,4,898,1,0,300,0.5,1700,0.5,2
7,5,965,0,0,500,0.6,1000,0.2,1400,0.2,1
7,6,310,1,0,300,0.5,1700,0.5,2
7,7,244,2,10,5,0,500,0.6,1000,0.2,1400,0.2,0
7,8,712,2,10,5,0,500,0.6,1000,0.2,1400,0.2,1
8,0,712,0,0,500,0.6,1000,0.2,1400,0.2,2
8,1,173,0,0,300,0.5,1700,0.5,2
8,2,127,1,0,300,0.5,1700,0.5,2
8,3,789,1,0,500,0.6,1000,0.2,1400,0.2,0
8,4,952,1,0,300,0.5,1700,0.5,2
8,5,84,2,10,5,0,500,0.6,1000,0.2,1400,0.2,0
8,6,722,1,0,500,0.6,1000,0.2,1400,0.2,2
8,7,587,2,10,5,0,300,0.5,1700,0.5,2
8,8,275,1,0,500,0.6,1000,0.2,1400,0.2,2
