0,0,736,1,0,500,0.6,1000,0.2,1400,0.2,0
0,1,525,0,0,300,0.5,1700,0.5,1
0,2,705,0,0,500,0.6,1000,0.2,1400,0.2,2
0,3,407,1,0,300,0.5,1700,0.5,0
0,4,372,0,0,500,0.6,1000,0.2,1400,0.2,0
0,5,959,0,0,300,0.5,1700,0.5,1
0,6,214,0,0,300,0.5,1700,0.5,0
0,7,834,0,0,300,0.5,1700,0.5,1
0,8,14,2,10,5,0,500,0.6,1000,0.2,1400,0.2,1
1,0,314,1,0,300,0.5,1700,0.5,2
1,1,900,0,0,300,0.5,1700,0.5,2
1,2,264,2,10,5,0,500,0.6,1000,0.2,1400,0.2,0
1,3,769,1,0,500,0.6,1000,0.2,1400,0.2,2
1,4,993,0,0,500,0.6,1000,0.2,1400,0.2,2
1,5,360,0,0,500,0.6,1000,0.2,1400,0.2,0
1,6,177,0,0,300,0.5,1700,0.5,1
1,7,257,1,0,300,0.5,1700,0.5,1
1,8,726,1,0,500,0.6,1000,0.2,1400,0.2,1
2,0,33,1,0,500,0.6,1000,0.2,1400,0.2,2
2,1,952,0,0,300,0.5,1700,0.5,2
2,2,971,2,10,5,0,300,0.5,1700,0.5,0
2,3,45,2,10,5,0,500,0.6,1000,0.2,1400,0.2,1
2,4,337,0,0,500,0.6,1000,0.2,1400,0.2,1
2,5,957,0,0,300,0.5,1700,0.5,0
2,6,983,0,0,300,0.5,1700,0.5,1
2,7,229,1,0,500,0.6,1000,0.2,1400,0.2,1
2,8,845,2,10,5,0,300,0.5,1700,0.5,0
3,0,600,1,0,500,0.6,1000,0.2,1400,0.2,0
3,1,363,1,0,500,0.6,1000,0.2,1400,0.2,0
3,2,446,1,0,500,0.6,1000,0.2,1400,0.2,1
3,3,180,0,0,500,0.6,1000,0.2,1400,0.2,2
3,4,356,2,10,5,0,300,0.5,1700,0.5,2
3,5,891,1,0,500,0.6,1000,0.2,1400,0.2,2
3,6,392,1,0,300,0.5,1700,0.5,1
3,7,348,0,0,500,0.6,1000,0.2,1400,0.2,0
3,8,257,0,0,500,0.6,1000,0.2,1400,0.2,1
4,0,611,2,10,5,0,300,0.5,1700,0.5,2
4,1,217,1,0,500,0.6,1000,0.2,1400,0.2,2
4,2,562,2,10,5,0,500,0.6,1000,0.2,1400,0.2,1
4,3,557,0,0,300,0.5,1700,0.5,0
4,4,649,1,0,500,0.6,1000,0.2,1400,0.2,1
4,5,627,0,0,300,0.5,1700,0.5,2
4,6,830,2,10,5,0,500,0.6,1000,0.2,1400,0.2,2
4,7,866,0,0,500,0.6,1000,0.2,1400,0.2,0
4,8,869,0,0,300,0.5,1700,0.5,2
5,0,502,0,0,300,0.5,1700,0.5,1
5,1,830,0,0,500,0.6,1000,0.2,1400,0.2,2
5,2,342,2,10,5,0,500,0.6,1000,0.2,1400,0.2,0
5,3,145,2,10,5,0,300,0.5,1700,0.5,0
5,4,651,0,0,500,0.6,1000,0.2,1400,0.2,2
5,5,288,2,10,5,0,500,0.6,1000,0.2,1400,0.2,0
5,6,301,1,0,500,0.6,1000,0.2,1400,0.2,0
5,7,124,2,10,5,0,500,0.6,1000,0.2,1400,0.2,0
5,8,578,0,0,300,0.5,1700,0.5,2
6,0,156,2,10,5,0,300,0.5,1700,0.5,1
6,1,611,2,10,5,0,300,0.5,1700,0.5,2
6,2,353,2,10,5,0,500,0.6,1000,0.2,1400,0.2,1
6,3,985,1,0,300,0.5,1700,0.5,0
6,4,933,0,0,500,0.6,1000,0.2,1400,0.2,2
6,5,516,2,10,5,0,500,0.6,1000,0.2,1400,0.2,1
6,6,353,2,10,5,0,500,0.6,1000,0.2,1400,0.2,2
6,7,257,2,10,5,0,300,0.5,1700,0.5,1
6,8,917,2,10,5,0,300,0.5,1700,0.5,2
7,0,81,2,10,5,0,500,0.6,1000,0.2,1400,0.2,2
7,1,938,0,0,500,0.6,1000,0.2,1400,0.2,0
7,2,178,2,10,5,0,500,0.6,1000,0.2,1400,0.2,2
7,3,46,2,10,5,0,500,0.6,1000,0.2,1400,0.2,2
7,4,252,0,0,500,0.6,1000,0.2,1400,0.2,1
7,5,96,2,10,5,0,300,0.5,1700,0.5,1
7,6,708,2,10,5,0,500,0.6,1000,0.2,1400,0.2,0
7,7,484,1,0,300,0.5,1700,0.5,2
7,8,809,1,0,500,0.6,1000,0.2,1400,0.2,2
8,0,530,1,0,300,0.5,1700,0.5,0
8,1,867,2,10,5,0,500,0.6,1000,0.2,1400,0.2,2
8,2,355,2,10,5,0,500,0.6,1000,0.2,1400,0.2,0
8,3,508,2,10,5,0,300,0.5,1700,0.5,0
8,4,332,2,10,5,0,300,0.5,1700,0.5,0
8,5,674,0,0,500,0.6,1000,0.2,1400,0.2,2
8,6,937,1,0,300,0.5,1700,0.5,1
8,7,335,1,0,300,0.5,1700,0.5,1
8,8,429,0,0,500,0.6,1000,0.2,1400,0.2,1
