0,0,833,2,10,5,0,300,0.5,1700,0.5,1
0,1,39,1,0,300,0.5,1700,0.5,1
0,2,67,0,0,300,0.5,1700,0.5,0
0,3,112,2,10,5,0,500,0.6,1000,0.2,1400,0.2,1
0,4,67,1,0,500,0.6,1000,0.2,1400,0.2,2
0,5,968,2,10,5,0,500,0.6,1000,0.2,1400,0.2,2
0,6,688,0,0,300,0.5,1700,0.5,1
0,7,977,1,0,300,0.5,1700,0.5,2
0,8,393,0,0,300,0.5,1700,0.5,0
1,0,108,1,0,300,0.5,1700,0.5,1
1,1,651,2,10,5,0,300,0.5,1700,0.5,0
1,2,712,1,0,500,0.6,1000,0.2,1400,0.2,2
1,3,877,2,10,5,0,500,0.6,1000,0.2,1400,0.2,0
1,4,739,0,0,500,0.6,1000,0.2,1400,0.2,1
1,5,673,0,0,500,0.6,1000,0.2,1400,0.2,0
1,6,779,1,0,500,0.6,1000,0.2,1400,0.2,2
1,7,17,2,10,5,0,500,0.6,1000,0.2,1400,0.2,0
1,8,349,0,0,300,0.5,1700,0.5,2
2,0,593,0,0,300,0.5,1700,0.5,0
2,1,852,2,10,5,0,500,0.6,1000,0.2,1400,0.2,1
2,2,203,0,0,300,0.5,1700,0.5,1
2,3,87,1,0,300,0.5,1700,0.5,0
2,4,259,1,0,300,0.5,1700,0.5,1
2,5,687,0,0,500,0.6,1000,0.2,1400,0.2,2
2,6,959,0,0,300,0.5,1700,0.5,1
2,7,994,1,0,500,0.6,1000,0.2,1400,0.2,1
2,8,633,1,0,300,0.5,1700,0.5,2
3,0,968,2,10,5,0,300,0.5,1700,0.5,2
3,1,827,0,0,500,0.6,1000,0.2,1400,0.2,2
3,2,427,0,0,300,0.5,1700,0.5,0
3,3,352,1,0,500,0.6,1000,0.2,1400,0.2,1
3,4,205,2,10,5,0,300,0.5,1700,0.5,2
3,5,377,2,10,5,0,300,0.5,1700,0.5,1
3,6,231,0,0,300,0.5,1700,0.5,0
3,7,873,1,0,500,0.6,1000,0.2,1400,0.2,2
3,8,387,2,10,5,0,500,0.6,1000,0.2,1400,0.2,1
4,0,622,2,10,5,0,500,0.6,1000,0.2,1400,0.2,2
4,1,247,1,0,300,0.5,1700,0.5,2
4,2,445,1,0,300,0.5,1700,0.5,0
4,3,521,2,10,5,0,300,0.5,1700,0.5,1
4,4,559,1,0,500,0.6,1000,0.2,1400,0.2,0
4,5,262,2,10,5,0,300,0.5,1700,0.5,2
4,6,361,1,0,500,0.6,1000,0.2,1400,0.2,0
4,7,497,0,0,300,0.5,1700,0.5,2
4,8,659,1,0,500,0.6,1000,0.2,1400,0.2,2
5,0,817,0,0,500,0.6,1000,0.2,1400,0.2,0
5,1,340,1,0,500,0.6,1000,0.2,1400,0.2,2
5,2,96,0,0,300,0.5,1700,0.5,2
5,3,654,0,0,500,0.6,1000,0.2,1400,0.2,1
5,4,21,2,10,5,0,300,0.5,1700,0.5,2
5,5,916,1,0,500,0.6,1000,0.2,1400,0.2,0
5,6,738,1,0,500,0.6,1000,0.2,1400,0.2,1
5,7,270,1,0,300,0.5,1700,0.5,1
5,8,117,1,0,500,0.6,1000,0.2,1400,0.2,2
6,0,519,2,10,5,0,500,0.6,1000,0.2,1400,0.2,1
6,1,418,2,10,5,0,500,0.6,1000,0.2,1400,0.2,0
6,2,183,1,0,500,0.6,1000,0.2,1400,0.2,1
6,3,416,1,0,300,0.5,1700,0.5,2
6,4,599,2,10,5,0,300,0.5,1700,0.5,2
6,5,221,1,0,300,0.5,1700,0.5,0
6,6,85,1,0,300,0.5,1700,0.5,2
6,7,469,2,10,5,0,300,0.5,1700,0.5,1
6,8,798,2,10,5,0,300,0.5,1700,0.5,0
7,0,682,0,0,500,0.6,1000,0.2,1400,0.2,2
7,1,471,2,10,5,0,300,0.5,1700,0.5,0
7,2,925,1,0,500,0.6,1000,0.2,1400,0.2,1
7,3,874,2,10,5,0,500,0.6,1000,0.2,1400,0.2,2
7,4,626,1,0,500,0.6,1000,0.2,1400,0.2,2
7,5,909,0,0,500,0.6,1000,0.2,1400,0.2,2
7,6,567,1,0,300,0.5,1700,0.5,1
7,7,543,1,0,300,0.5,1700,0.5,0
7,8,105,1,0,500,0.6,1000,0.2,1400,0.2,1
8,0,883,0,0,300,0.5,1700,0.5,1
8,1,316,2,10,5,0,300,0.5,1700,0.5,0
8,2,797,2,10,5,0,500,0.6,1000,0.2,1400,0.2,2
8,3,454,1,0,500,0.6,1000,0.2,1400,0.2,0
8,4,25,2,10,5,0,500,0.6,1000,0.2,1400,0.2,2
8,5,767,1,0,500,0.6,1000,0.2,1400,0.2,1
8,6,285,1,0,300,0.5,1700,0.5,1
8,7,332,2,10,5,0,300,0.5,1700,0.5,0
8,8,234,1,0,300,0.5,1700,0.5,2
