0,0,842,1,0,300,0.5,1700,0.5,2
0,1,300,2,10,5,0,300,0.5,1700,0.5,0
0,2,359,0,0,500,0.6,1000,0.2,1400,0.2,0
0,3,924,0,0,300,0.5,1700,0.5,0
0,4,260,1,0,500,0.6,1000,0.2,1400,0.2,2
0,5,935,2,10,5,0,300,0.5,1700,0.5,2
0,6,759,2,10,5,0,300,0.5,1700,0.5,0
0,7,936,1,0,300,0.5,1700,0.5,0
0,8,40,2,10,5,0,500,0.6,1000,0.2,1400,0.2,2
1,0,987,2,10,5,0,500,0.6,1000,0.2,1400,0.2,1
1,1,91,2,10,5,0,300,0.5,1700,0.5,0
1,2,225,1,0,500,0.6,1000,0.2,1400,0.2,2
1,3,621,2,10,5,0,500,0.6,1000,0.2,1400,0.2,2
1,4,152,1,0,500,0.6,1000,0.2,1400,0.2,1
1,5,271,2,10,5,0,300,0.5,1700,0.5,2
1,6,48,2,10,5,0,300,0.5,1700,0.5,1
1,7,682,2,10,5,0,500,0.6,1000,0.2,1400,0.2,0
1,8,489,1,0,300,0.5,1700,0.5,1
2,0,340,2,10,5,0,500,0.6,1000,0.2,1400,0.2,2
2,1,912,2,10,5,0,300,0.5,1700,0.5,2
2,2,406,2,10,5,0,300,0.5,1700,0.5,0
2,3,548,0,0,300,0.5,1700,0.5,1
2,4,727,0,0,300,0.5,1700,0.5,1
2,5,351,1,0,300,0.5,1700,0.5,0
2,6,525,2,10,5,0,500,0.6,1000,0.2,1400,0.2,1
2,7,925,0,0,500,0.6,1000,0.2,1400,0.2,1
2,8,893,2,10,5,0,300,0.5,1700,0.5,0
3,0,691,2,10,5,0,300,0.5,1700,0.5,1
3,1,788,0,0,300,0.5,1700,0.5,2
3,2,766,0,0,500,0.6,1000,0.2,1400,0.2,2
3,3,477,2,10,5,0,500,0.6,1000,0.2,1400,0.2,2
3,4,806,1,0,500,0.6,1000,0.2,1400,0.2,2
3,5,899,1,0,300,0.5,1700,0.5,0
3,6,371,0,0,300,0.5,1700,0.5,2
3,7,587,2,10,5,0,300,0.5,1700,0.5,1
3,8,599,0,0,300,0.5,1700,0.5,1
4,0,44,2,10,5,0,300,0.5,1700,0.5,0
4,1,635,2,10,5,0,300,0.5,1700,0.5,1
4,2,470,2,10,5,0,300,0.5,1700,0.5,1
4,3,629,0,0,300,0.5,1700,0.5,1
4,4,945,0,0,300,0.5,1700,0.5,1
4,5,338,2,10,5,0,500,0.6,1000,0.2,1400,0.2,0
4,6,11,2,10,5,0,500,0.6,1000,0.2,1400,0.2,0
4,7,393,2,10,5,0,300,0.5,1700,0.5,2
4,8,686,0,0,500,0.6,1000,0.2,1400,0.2,2
5,0,962,1,0,300,0.5,1700,0.5,1
5,1,100,2,10,5,0,300,0.5,1700,0.5,1
5,2,103,1,0,300,0.5,1700,0.5,0
5,3,771,2,10,5,0,300,0.5,1700,0.5,0
5,4,652,1,0,300,0.5,1700,0.5,0
5,5,364,1,0,300,0.5,1700,0.5,1
5,6,338,0,0,500,0.6,1000,0.2,1400,0.2,2
5,7,359,0,0,500,0.6,1000,0.2,1400,0.2,0
5,8,178,1,0,300,0.5,1700,0.5,1
6,0,108,1,0,300,0.5,1700,0.5,0
6,1,493,1,0,500,0.6,1000,0.2,1400,0.2,1
6,2,634,1,0,300,0.5,1700,0.5,2
6,3,446,1,0,300,0.5,1700,0.5,0
6,4,125,2,10,5,0,500,0.6,1000,0.2,1400,0.2,0
6,5,778,2,10,5,0,500,0.6,1000,0.2,1400,0.2,1
6,6,37,2,10,5,0,500,0.6,1000,0.2,1400,0.2,2
6,7,700,2,10,5,0,300,0.5,1700,0.5,2
6,8,829,0,0,500,0.6,1000,0.2,1400,0.2,0
7,0,752,1,0,500,0.6,1000,0.2,1400,0.2,0
7,1,897,1,0,300,0.5,1700,0.5,0
7,2,385,1,0,500,0.6,1000,0.2,1400,0.2,0
7,3,434,1,0,300,0.5,1700,0.5,0
7,4,885,2,10,5,0,300,0.5,1700,0.5,1
7,5,72,0,0,500,0.6,1000,0.2,1400,0.2,0
7,6,765,2,10,5,0,300,0.5,1700,0.5,0
7,7,811,0,0,500,0.6,1000,0.2,1400,0.2,1
7,8,298,0,0,300,0.5,1700,0.5,0
8,0,754,0,0,500,0.6,1000,0.2,1400,0.2,0
8,1,599,0,0,300,0.5,1700,0.5,1
8,2,67,0,0,500,0.6,1000,0.2,1400,0.2,0
8,3,635,2,10,5,0,500,0.6,1000,0.2,1400,0.2,2
8,4,641,2,10,5,0,300,0.5,1700,0.5,1
8,5,115,2,10,5,0,300,0.5,1700,0.5,0
8,6,829,2,10,5,0,300,0.5,1700,0.5,0
8,7,550,1,0,300,0.5,1700,0.5,0
8,8,427,1,0,500,0.6,1000,0.2,1400,0.2,0
