0,0,313,1,0,500,0.6,1000,0.2,1400,0.2,2
0,1,521,1,0,500,0.6,1000,0.2,1400,0.2,1
0,2,21,0,0,300,0.5,1700,0.5,0
0,3,265,2,10,5,0,500,0.6,1000,0.2,1400,0.2,1
0,4,772,2,10,5,0,500,0.6,1000,0.2,1400,0.2,0
0,5,321,1,0,500,0.6,1000,0.2,1400,0.2,0
0,6,565,0,0,300,0.5,1700,0.5,0
0,7,347,2,10,5,0,300,0.5,1700,0.5,0
0,8,789,0,0,500,0.6,1000,0.2,1400,0.2,0
1,0,330,1,0,500,0.6,1000,0.2,1400,0.2,1
1,1,294,1,0,300,0.5,1700,0.5,1
1,2,733,0,0,300,0.5,1700,0.5,0
1,3,673,1,0,300,0.5,1700,0.5,0
1,4,58,1,0,300,0.5,1700,0.5,0
1,5,910,2,10,5,0,500,0.6,1000,0.2,1400,0.2,2
1,6,738,0,0,500,0.6,1000,0.2,1400,0.2,1
1,7,854,0,0,500,0.6,1000,0.2,1400,0.2,2
1,8,797,1,0,500,0.6,1000,0.2,1400,0.2,0
2,0,836,0,0,300,0.5,1700,0.5,2
2,1,723,0,0,500,0.6,1000,0.2,1400,0.2,0
2,2,63,2,10,5,0,500,0.6,1000,0.2,1400,0.2,0
2,3,858,2,10,5,0,500,0.6,1000,0.2,1400,0.2,1
2,4,539,0,0,500,0.6,1000,0.2,1400,0.2,1
2,5,614,1,0,300,0.5,1700,0.5,2
2,6,607,0,0,300,0.5,1700,0.5,1
2,7,806,1,0,500,0.6,1000,0.2,1400,0.2,0
2,8,735,0,0,300,0.5,1700,0.5,2
3,0,255,0,0,500,0.6,1000,0.2,1400,0.2,1
3,1,100,1,0,500,0.6,1000,0.2,1400,0.2,0
3,2,655,2,10,5,0,500,0.6,1000,0.2,1400,0.2,1
3,3,380,2,10,5,0,300,0.5,1700,0.5,0
3,4,65,2,10,5,0,300,0.5,1700,0.5,1
3,5,72,1,0,500,0.6,1000,0.2,1400,0.2,0
3,6,626,2,10,5,0,500,0.6,1000,0.2,1400,0.2,2
3,7,480,0,0,300,0.5,1700,0.5,0
3,8,807,1,0,500,0.6,1000,0.2,1400,0.2,1
4,0,463,1,0,300,0.5,1700,0.5,0
4,1,638,0,0,500,0.6,1000,0.2,1400,0.2,1
4,2,776,2,10,5,0,500,0.6,1000,0.2,1400,0.2,1
4,3,674,2,10,5,0,300,0.5,1700,0.5,0
4,4,175,2,10,5,0,300,0.5,1700,0.5,2
4,5,20,0,0,300,0.5,1700,0.5,1
4,6,834,0,0,500,0.6,1000,0.2,1400,0.2,0
4,7,830,2,10,5,0,300,0.5,1700,0.5,1
4,8,943,1,0,300,0.5,1700,0.5,1
5,0,275,0,0,500,0.6,1000,0.2,1400,0.2,2
5,1,918,0,0,300,0.5,1700,0.5,1
5,2,120,1,0,300,0.5,1700,0.5,2
5,3,588,1,0,300,0.5,1700,0.5,0
5,4,597,2,10,5,0,300,0.5,1700,0.5,1
5,5,201,2,10,5,0,500,0.6,1000,0.2,1400,0.2,0
5,6,517,2,10,5,0,500,0.6,1000,0.2,1400,0.2,0
5,7,860,2,10,5,0,300,0.5,1700,0.5,1
5,8,288,2,10,5,0,300,0.5,1700,0.5,2
6,0,350,2,10,5,0,500,0.6,1000,0.2,1400,0.2,2
6,1,685,2,10,5,0,300,0.5,1700,0.5,0
6,2,592,2,10,5,0,300,0.5,1700,0.5,0
6,3,768,0,0,500,0.6,1000,0.2,1400,0.2,2
6,4,435,2,10,5,0,500,0.6,1000,0.2,1400,0.2,1
6,5,142,2,10,5,0,300,0.5,1700,0.5,2
6,6,859,0,0,300,0.5,1700,0.5,0
6,7,406,2,10,5,0,300,0.5,1700,0.5,0
6,8,131,1,0,300,0.5,1700,0.5,0
7,0,295,2,10,5,0,300,0.5,1700,0.5,0
7,1,14,0,0,500,0.6,1000,0.2,1400,0.2,0
7,2,282,1,0,500,0.6,1000,0.2,1400,0.2,2
7,3,808,0,0,300,0.5,1700,0.5,0
7,4,935,0,0,300,0.5,1700,0.5,2
7,5,920,2,10,5,0,500,0.6,1000,0.2,1400,0.2,0
7,6,1000,0,0,500,0.6,1000,0.2,1400,0.2,0
7,7,822,1,0,300,0.5,1700,0.5,2
7,8,509,1,0,500,0.6,1000,0.2,1400,0.2,0
8,0,68,0,0,300,0.5,1700,0.5,1
8,1,964,1,0,500,0.6,1000,0.2,1400,0.2,2
8,2,349,2,10,5,0,500,0.6,1000,0.2,1400,0.2,0
8,3,63,1,0,500,0.6,1000,0.2,1400,0.2,1
8,4,455,1,0,300,0.5,1700,0.5,2
8,5,914,0,0,300,0.5,1700,0.5,2
8,6,710,1,0,500,0.6,1000,0.2,1400,0.2,1
8,7,247,1,0,300,0.5,1700,0.5,0
8,8,46,0,0,300,0.5,1700,0.5,1
