0,0,693,2,10,5,0,300,0.5,1700,0.5,0
0,1,812,1,0,300,0.5,1700,0.5,2
0,2,761,1,0,300,0.5,1700,0.5,1
0,3,591,2,10,5,0,300,0.5,1700,0.5,0
0,4,307,1,0,300,0.5,1700,0.5,1
0,5,806,1,0,300,0.5,1700,0.5,1
0,6,296,2,10,5,0,500,0.6,1000,0.2,1400,0.2,1
0,7,249,2,10,5,0,500,0.6,1000,0.2,1400,0.2,1
0,8,33,2,10,5,0,500,0.6,1000,0.2,1400,0.2,0
1,0,182,2,10,5,0,300,0.5,1700,0.5,0
1,1,244,2,10,5,0,500,0.6,1000,0.2,1400,0.2,2
1,2,833,2,10,5,0,500,0.6,1000,0.2,1400,0.2,2
1,3,560,0,0,300,0.5,1700,0.5,1
1,4,919,0,0,300,0.5,1700,0.5,2
1,5,777,2,10,5,0,500,0.6,1000,0.2,1400,0.2,0
1,6,950,2,10,5,0,500,0.6,1000,0.2,1400,0.2,1
1,7,31,0,0,500,0.6,1000,0.2,1400,0.2,1
1,8,258,2,10,5,0,300,0.5,1700,0.5,1
2,0,855,2,10,5,0,500,0.6,1000,0.2,1400,0.2,2
2,1,27,0,0,500,0.6,1000,0.2,1400,0.2,1
2,2,685,0,0,500,0.6,1000,0.2,1400,0.2,2
2,3,778,1,0,500,0.6,1000,0.2,1400,0.2,0
2,4,303,1,0,500,0.6,1000,0.2,1400,0.2,2
2,5,200,1,0,500,0.6,1000,0.2,1400,0.2,0
2,6,146,0,0,500,0.6,1000,0.2,1400,0.2,1
2,7,519,2,10,5,0,500,0.6,1000,0.2,1400,0.2,1
2,8,291,0,0,500,0.6,1000,0.2,1400,0.2,2
3,0,215,2,10,5,0,500,0.6,1000,0.2,1400,0.2,0
3,1,575,0,0,300,0.5,1700,0.5,2
3,2,757,0,0,500,0.6,1000,0.2,1400,0.2,0
3,3,533,1,0,500,0.6,1000,0.2,1400,0.2,2
3,4,214,1,0,500,0.6,1000,0.2,1400,0.2,1
3,5,865,0,0,300,0.5,1700,0.5,0
3,6,911,2,10,5,0,500,0.6,1000,0.2,1400,0.2,2
3,7,601,1,0,300,0.5,1700,0.5,0
3,8,505,0,0,300,0.5,1700,0.5,0
4,0,219,1,0,500,0.6,1000,0.2,1400,0.2,0
4,1,243,1,0,500,0.6,1000,0.2,1400,0.2,0
4,2,936,2,10,5,0,500,0.6,1000,0.2,1400,0.2,1
4,3,57,2,10,5,0,500,0.6,1000,0.2,1400,0.2,2
4,4,95,2,10,5,0,300,0.5,1700,0.5,1
4,5,761,0,0,500,0.6,1000,0.2,1400,0.2,0
4,6,15,2,10,5,0,500,0.6,1000,0.2,1400,0.2,0
4,7,956,1,0,500,0.6,1000,0.2,1400,0.2,1
4,8,543,2,10,5,0,300,0.5,1700,0.5,1
5,0,17,0,0,500,0.6,1000,0.2,1400,0.2,0
5,1,41,1,0,500,0.6,1000,0.2,1400,0.2,2
5,2,43,1,0,500,0.6,1000,0.2,1400,0.2,2
5,3,177,0,0,300,0.5,1700,0.5,0
5,4,194,1,0,300,0.5,1700,0.5,1
5,5,692,0,0,500,0.6,1000,0.2,1400,0.2,1
5,6,154,0,0,500,0.6,1000,0.2,1400,0.2,0
5,7,192,2,10,5,0,500,0.6,1000,0.2,1400,0.2,2
5,8,959,2,10,5,0,300,0.5,1700,0.5,1
6,0,462,2,10,5,0,300,0.5,1700,0.5,1
6,1,181,1,0,300,0.5,1700,0.5,0
6,2,191,0,0,300,0.5,1700,0.5,2
6,3,902,1,0,500,0.6,1000,0.2,1400,0.2,1
6,4,47,1,0,500,0.6,1000,0.2,1400,0.2,0
6,5,927,0,0,500,0.6,1000,0.2,1400,0.2,2
6,6,304,2,10,5,0,500,0.6,1000,0.2,1400,0.2,1
6,7,306,0,0,500,0.6,1000,0.2,1400,0.2,1
6,8,492,2,10,5,0,300,0.5,1700,0.5,2
7,0,615,2,10,5,0,500,0.6,1000,0.2,1400,0.2,2
7,1,319,0,0,300,0.5,1700,0.5,2
7,2,709,0,0,500,0.6,1000,0.2,1400,0.2,1
7,3,903,1,0,500,0.6,1000,0.2,1400,0.2,0
7,4,506,2,10,5,0,300,0.5,1700,0.5,0
7,5,862,0,0,300,0.5,1700,0.5,2
7,6,800,0,0,500,0.6,1000,0.2,1400,0.2,1
7,7,160,1,0,500,0.6,1000,0.2,1400,0.2,0
7,8,245,2,10,5,0,500,0.6,1000,0.2,1400,0.2,1
8,0,723,2,10,5,0,300,0.5,1700,0.5,2
8,1,672,1,0,300,0.5,1700,0.5,0
8,2,536,2,10,5,0,300,0.5,1700,0.5,2
8,3,558,2,10,5,0,300,0.5,1700,0.5,0
8,4,305,2,10,5,0,500,0.6,1000,0.2,1400,0.2,2
8,5,113,0,0,500,0.6,1000,0.2,1400,0.2,2
8,6,337,0,0,300,0.5,1700,0.5,0
8,7,214,1,0,300,0.5,1700,0.5,2
8,8,395,2,10,5,0,500,0.6,1000,0.2,1400,0.2,1
