0,0,272,1,0,300,0.5,1700,0.5,0
0,1,875,2,10,5,0,500,0.6,1000,0.2,1400,0.2,1
0,2,820,1,0,300,0.5,1700,0.5,0
0,3,164,1,0,300,0.5,1700,0.5,0
0,4,999,2,10,5,0,300,0.5,1700,0.5,0
0,5,189,2,10,5,0,500,0.6,1000,0.2,1400,0.2,0
0,6,584,0,0,300,0.5,1700,0.5,0
0,7,991,0,0,500,0.6,1000,0.2,1400,0.2,0
0,8,499,2,10,5,0,300,0.5,1700,0.5,2
1,0,746,1,0,500,0.6,1000,0.2,1400,0.2,0
1,1,574,2,10,5,0,500,0.6,1000,0.2,1400,0.2,0
1,2,301,0,0,500,0.6,1000,0.2,1400,0.2,2
1,3,336,0,0,500,0.6,1000,0.2,1400,0.2,2
1,4,297,1,0,300,0.5,1700,0.5,0
1,5,391,0,0,500,0.6,1000,0.2,1400,0.2,0
1,6,916,2,10,5,0,500,0.6,1000,0.2,1400,0.2,1
1,7,414,2,10,5,0,500,0.6,1000,0.2,1400,0.2,1
1,8,395,1,0,500,0.6,1000,0.2,1400,0.2,2
2,0,746,1,0,300,0.5,1700,0.5,1
2,1,967,2,10,5,0,300,0.5,1700,0.5,0
2,2,493,2,10,5,0,300,0.5,1700,0.5,2
2,3,443,0,0,500,0.6,1000,0.2,1400,0.2,1
2,4,705,1,0,500,0.6,1000,0.2,1400,0.2,2
2,5,173,2,10,5,0,500,0.6,1000,0.2,1400,0.2,0
2,6,337,2,10,5,0,300,0.5,1700,0.5,2
2,7,334,0,0,500,0.6,1000,0.2,1400,0.2,2
2,8,353,2,10,5,0,300,0.5,1700,0.5,1
3,0,171,1,0,300,0.5,1700,0.5,1
3,1,97,2,10,5,0,300,0.5,1700,0.5,1
3,2,534,0,0,300,0.5,1700,0.5,2
3,3,989,2,10,5,0,300,0.5,1700,0.5,2
3,4,689,1,0,300,0.5,1700,0.5,2
3,5,166,1,0,300,0.5,1700,0.5,2
3,6,615,2,10,5,0,500,0.6,1000,0.2,1400,0.2,1
3,7,451,1,0,500,0.6,1000,0.2,1400,0.2,2
3,8,168,2,10,5,0,300,0.5,1700,0.5,1
4,0,823,2,10,5,0,500,0.6,1000,0.2,1400,0.2,2
4,1,850,1,0,500,0.6,1000,0.2,1400,0.2,2
4,2,610,0,0,300,0.5,1700,0.5,1
4,3,164,1,0,300,0.5,1700,0.5,0
4,4,517,2,10,5,0,500,0.6,1000,0.2,1400,0.2,1
4,5,789,0,0,300,0.5,1700,0.5,2
4,6,700,1,0,500,0.6,1000,0.2,1400,0.2,2
4,7,80,1,0,500,0.6,1000,0.2,1400,0.2,0
4,8,136,2,10,5,0,500,0.6,1000,0.2,1400,0.2,1
5,0,540,1,0,300,0.5,1700,0.5,1
5,1,126,0,0,500,0.6,1000,0.2,1400,0.2,1
5,2,873,2,10,5,0,500,0.6,1000,0.2,1400,0.2,1
5,3,843,0,0,300,0.5,1700,0.5,1
5,4,23,0,0,500,0.6,1000,0.2,1400,0.2,1
5,5,302,0,0,500,0.6,1000,0.2,1400,0.2,2
5,6,704,2,10,5,0,300,0.5,1700,0.5,1
5,7,919,2,10,5,0,500,0.6,1000,0.2,1400,0.2,2
5,8,614,1,0,300,0.5,1700,0.5,1
6,0,972,1,0,500,0.6,1000,0.2,1400,0.2,2
6,1,671,2,10,5,0,500,0.6,1000,0.2,1400,0.2,0
6,2,526,1,0,300,0.5,1700,0.5,0
6,3,842,2,10,5,0,300,0.5,1700,0.5,1
6,4,371,2,10,5,0,500,0.6,1000,0.2,1400,0.2,0
6,5,867,2,10,5,0,500,0.6,1000,0.2,1400,0.2,1
6,6,688,0,0,500,0.6,1000,0.2,1400,0.2,1
6,7,838,2,10,5,0,500,0.6,1000,0.2,1400,0.2,1
6,8,519,1,0,300,0.5,1700,0.5,0
7,0,272,1,0,500,0.6,1000,0.2,1400,0.2,1
7,1,36,0,0,500,0.6,1000,0.2,1400,0.2,1
7,2,992,1,0,300,0.5,1700,0.5,0
7,3,639,1,0,500,0.6,1000,0.2,1400,0.2,2
7,4,902,0,0,500,0.6,1000,0.2,1400,0.2,0
7,5,310,0,0,300,0.5,1700,0.5,1
7,6,906,0,0,300,0.5,1700,0.5,1
7,7,571,2,10,5,0,500,0.6,1000,0.2,1400,0.2,1
7,8,354,1,0,300,0.5,1700,0.5,0
8,0,33,1,0,500,0.6,1000,0.2,1400,0.2,0
8,1,874,2,10,5,0,500,0.6,1000,0.2,1400,0.2,0
8,2,995,1,0,300,0.5,1700,0.5,1
8,3,509,2,10,5,0,500,0.6,1000,0.2,1400,0.2,0
8,4,603,0,0,500,0.6,1000,0.2,1400,0.2,1
8,5,997,2,10,5,0,300,0.5,1700,0.5,0
8,6,914,0,0,500,0.6,1000,0.2,1400,0.2,2
8,7,683,2,10,5,0,500,0.6,1000,0.2,1400,0.2,0
8,8,600,0,0,300,0.5,1700,0.5,1
