0,0,183,1,0,500,0.6,1000,0.2,1400,0.2,2
0,1,999,2,10,5,0,500,0.6,1000,0.2,1400,0.2,1
0,2,735,0,0,500,0.6,1000,0.2,1400,0.2,2
0,3,970,0,0,300,0.5,1700,0.5,0
0,4,849,1,0,300,0.5,1700,0.5,0
0,5,438,0,0,300,0.5,1700,0.5,2
0,6,774,0,0,300,0.5,1700,0.5,2
0,7,97,2,10,5,0,300,0.5,1700,0.5,1
0,8,253,1,0,500,0.6,1000,0.2,1400,0.2,1
1,0,375,1,0,500,0.6,1000,0.2,1400,0.2,1
1,1,62,2,10,5,0,500,0.6,1000,0.2,1400,0.2,2
1,2,264,1,0,300,0.5,1700,0.5,0
1,3,764,2,10,5,0,300,0.5,1700,0.5,1
1,4,613,1,0,300,0.5,1700,0.5,1
1,5,272,0,0,500,0.6,1000,0.2,1400,0.2,2
1,6,584,2,10,5,0,500,0.6,1000,0.2,1400,0.2,0
1,7,376,2,10,5,0,300,0.5,1700,0.5,0
1,8,577,1,0,500,0.6,1000,0.2,1400,0.2,1
2,0,76,1,0,500,0.6,1000,0.2,1400,0.2,2
2,1,524,2,10,5,0,500,0.6,1000,0.2,1400,0.2,0
2,2,284,0,0,300,0.5,1700,0.5,2
2,3,721,1,0,500,0.6,1000,0.2,1400,0.2,0
2,4,349,1,0,300,0.5,1700,0.5,2
2,5,366,2,10,5,0,300,0.5,1700,0.5,0
2,6,782,2,10,5,0,300,0.5,1700,0.5,0
2,7,508,0,0,500,0.6,1000,0.2,1400,0.2,2
2,8,144,0,0,500,0.6,1000,0.2,1400,0.2,0
3,0,725,2,10,5,0,300,0.5,1700,0.5,2
3,1,956,2,10,5,0,300,0.5,1700,0.5,1
3,2,91,2,10,5,0,300,0.5,1700,0.5,0
3,3,204,2,10,5,0,300,0.5,1700,0.5,1
3,4,97,0,0,300,0.5,1700,0.5,0
3,5,726,1,0,500,0.6,1000,0.2,1400,0.2,1
3,6,848,1,0,300,0.5,1700,0.5,2
3,7,499,1,0,500,0.6,1000,0.2,1400,0.2,2
3,8,653,1,0,500,0.6,1000,0.2,1400,0.2,1
4,0,36,1,0,300,0.5,1700,0.5,1
4,1,264,0,0,300,0.5,1700,0.5,1
4,2,238,1,0,500,0.6,1000,0.2,1400,0.2,0
4,3,804,1,0,500,0.6,1000,0.2,1400,0.2,0
4,4,638,1,0,500,0.6,1000,0.2,1400,0.2,2
4,5,837,2,10,5,0,500,0.6,1000,0.2,1400,0.2,2
4,6,557,2,10,5,0,300,0.5,1700,0.5,1
4,7,956,2,10,5,0,500,0.6,1000,0.2,1400,0.2,2
4,8,536,2,10,5,0,300,0.5,1700,0.5,0
5,0,779,0,0,300,0.5,1700,0.5,2
5,1,828,0,0,500,0.6,1000,0.2,1400,0.2,2
5,2,960,0,0,500,0.6,1000,0.2,1400,0.2,0
5,3,997,1,0,500,0.6,1000,0.2,1400,0.2,2
5,4,592,1,0,500,0.6,1000,0.2,1400,0.2,1
5,5,541,2,10,5,0,500,0.6,1000,0.2,1400,0.2,0
5,6,697,1,0,500,0.6,1000,0.2,1400,0.2,0
5,7,791,1,0,300,0.5,1700,0.5,1
5,8,92,2,10,5,0,500,0.6,1000,0.2,1400,0.2,1
6,0,665,0,0,300,0.5,1700,0.5,0
6,1,235,0,0,300,0.5,1700,0.5,0
6,2,83,0,0,500,0.6,1000,0.2,1400,0.2,2
6,3,264,2,10,5,0,300,0.5,1700,0.5,0
6,4,676,0,0,300,0.5,1700,0.5,0
6,5,955,2,10,5,0,300,0.5,1700,0.5,0
6,6,946,1,0,300,0.5,1700,0.5,2
6,7,440,0,0,300,0.5,1700,0.5,0
6,8,880,1,0,300,0.5,1700,0.5,1
7,0,94,1,0,300,0.5,1700,0.5,0
7,1,250,1,0,300,0.5,1700,0.5,1
7,2,880,2,10,5,0,500,0.6,1000,0.2,1400,0.2,0
7,3,513,2,10,5,0,300,0.5,1700,0.5,1
7,4,985,0,0,300,0.5,1700,0.5,0
7,5,236,0,0,300,0.5,1700,0.5,2
7,6,205,1,0,500,0.6,1000,0.2,1400,0.2,1
7,7,633,2,10,5,0,300,0.5,1700,0.5,0
7,8,652,0,0,300,0.5,1700,0.5,1
8,0,441,0,0,300,0.5,1700,0.5,1
8,1,35,0,0,300,0.5,1700,0.5,2
8,2,622,1,0,300,0.5,1700,0.5,2
8,3,818,0,0,300,0.5,1700,0.5,1
8,4,234,0,0,500,0.6,1000,0.2,1400,0.2,0
8,5,753,0,0,300,0.5,1700,0.5,2
8,6,252,0,0,500,0.6,1000,0.2,1400,0.2,0
8,7,958,1,0,500,0.6,1000,0.2,1400,0.2,2
8,8,435,2,10,5,0,500,0.6,1000,0.2,1400,0.2,1
